2-Dimensional Region Based Bike Env Seed 1 generated at 2021-10-01 11:38:07.947244
5,100,50,50
['(31;4)', '(35;7)', '(17;21)', '(41;12)', '(32;35)', '(6;9)', '(22;25)', '(24;20)', '(14;36)', '(6;44)', '(15;3)', '(7;19)', '(20;19)', '(46;6)', '(28;30)', '(1;29)', '(23;49)', '(37;8)', '(28;28)', '(0;19)', '(16;41)', '(35;5)', '(8;7)', '(36;1)', '(40;28)', '(48;28)', '(10;26)', '(36;42)', '(34;24)', '(19;14)', '(5;27)', '(16;45)', '(19;37)', '(29;35)', '(8;2)', '(49;0)', '(23;36)', '(38;32)', '(27;48)', '(41;27)', '(9;19)', '(30;24)', '(16;21)', '(38;18)', '(32;41)', '(31;32)', '(39;40)', '(35;24)', '(20;48)', '(2;32)']
Hour: 0: {(2;18),(22;36)}-{(15;24),(32;16)}-{(26;46),(45;29)}-{(26;14),(18;41)}-{(38;26),(21;49)}-{(43;10),(28;22)}-{(42;44),(21;25)}-{(41;4),(34;47)}-{(47;20),(14;38)}-{(47;31),(17;5)}-{(1;4),(27;9)}-{(21;4),(10;28)}-{(8;43),(6;19)}-{(22;29),(41;31)}-{(12;3),(39;9)}-{(43;16),(41;20)}-{(28;49),(41;42)}-{(14;47),(28;36)}-{(34;39),(30;49)}-{(0;17),(4;39)}-{(32;10),(18;20)}-{(17;36),(24;5)}-{(46;22),(12;13)}-{(48;4),(9;37)}-{(21;16),(33;16)}-{(6;15),(12;26)}-{(22;37),(42;41)}-{(45;7),(24;15)}-{(20;24),(14;10)}-{(12;28),(2;34)}-{(26;41),(2;9)}-{(30;38),(16;39)}-{(30;27),(25;35)}-{(39;32),(4;4)}-{(42;12),(0;24)}-{(30;38),(41;12)}-{(13;48),(24;18)}-{(0;47),(3;1)}
Hour: 1: {(11;23),(33;9)}-{(42;23),(3;7)}-{(10;6),(32;8)}-{(32;44),(2;20)}-{(25;33),(40;32)}-{(10;29),(38;48)}-{(8;44),(43;12)}-{(28;46),(36;31)}-{(0;21),(40;3)}-{(36;13),(44;36)}-{(0;32),(34;19)}-{(44;23),(12;14)}-{(15;0),(35;31)}-{(49;42),(45;1)}-{(41;23),(12;31)}-{(33;35),(44;16)}-{(22;29),(11;25)}-{(0;24),(28;12)}-{(6;21),(22;17)}-{(36;30),(31;9)}-{(23;15),(39;48)}-{(37;21),(4;4)}-{(15;8),(48;10)}-{(1;19),(16;39)}-{(36;27),(31;16)}-{(3;34),(27;39)}-{(5;20),(29;13)}-{(18;17),(28;45)}-{(47;48),(48;15)}-{(27;35),(10;27)}-{(0;2),(40;7)}-{(0;16),(7;26)}-{(21;24),(44;45)}-{(40;41),(24;12)}-{(17;34),(9;46)}-{(30;43),(49;41)}-{(3;1),(20;35)}-{(37;33),(23;7)}
Hour: 2: {(18;7),(32;9)}-{(45;21),(18;20)}-{(13;19),(7;29)}-{(27;1),(25;0)}-{(44;4),(25;14)}-{(6;21),(36;0)}-{(12;20),(44;45)}-{(30;20),(6;21)}-{(31;16),(42;8)}-{(40;3),(16;15)}-{(44;23),(48;0)}-{(12;10),(8;42)}-{(12;22),(8;36)}-{(23;22),(37;20)}-{(2;34),(42;17)}-{(29;29),(39;10)}-{(23;8),(24;1)}-{(26;3),(35;41)}-{(23;19),(25;44)}-{(43;24),(4;6)}-{(9;42),(22;48)}-{(7;38),(30;38)}-{(37;37),(23;35)}-{(47;21),(38;47)}-{(13;47),(15;41)}-{(28;40),(24;44)}-{(0;24),(14;21)}-{(2;18),(19;10)}-{(40;33),(18;11)}-{(11;3),(45;5)}-{(38;41),(34;35)}
Hour: 3: {(44;22),(6;30)}-{(5;49),(49;4)}-{(35;29),(23;18)}-{(21;41),(28;12)}-{(44;12),(25;45)}-{(47;37),(32;30)}-{(32;48),(45;8)}-{(12;30),(44;46)}-{(0;27),(23;23)}-{(13;7),(40;39)}-{(7;12),(1;35)}-{(42;9),(12;10)}-{(41;15),(17;4)}-{(24;20),(48;38)}-{(25;26),(13;27)}-{(29;45),(49;36)}-{(26;29),(1;5)}-{(20;25),(7;22)}-{(22;9),(24;36)}-{(0;19),(14;8)}-{(8;12),(43;28)}-{(17;28),(48;45)}-{(18;18),(16;24)}-{(30;35),(22;35)}-{(25;46),(10;19)}-{(26;32),(2;41)}-{(11;31),(40;41)}-{(47;21),(49;39)}-{(44;8),(33;23)}-{(44;32),(27;40)}-{(2;9),(13;27)}-{(7;17),(46;14)}-{(20;6),(29;44)}-{(42;44),(10;35)}-{(28;8),(11;0)}-{(31;3),(48;15)}-{(49;43),(46;35)}-{(21;37),(3;37)}
Hour: 4: {(12;28),(8;14)}-{(2;7),(42;28)}-{(0;15),(41;29)}-{(40;27),(20;39)}-{(41;40),(39;19)}-{(11;17),(36;7)}-{(42;1),(25;4)}-{(45;10),(38;48)}-{(40;21),(28;8)}-{(35;49),(17;43)}-{(20;16),(25;48)}-{(1;16),(20;13)}-{(34;32),(24;33)}-{(19;20),(25;38)}-{(48;16),(44;15)}-{(46;32),(37;38)}-{(42;15),(39;12)}-{(8;37),(3;15)}-{(42;3),(2;31)}-{(45;24),(3;43)}-{(22;3),(12;48)}-{(9;16),(10;17)}-{(2;7),(11;10)}-{(17;48),(17;24)}-{(38;0),(40;36)}-{(16;33),(39;10)}-{(27;1),(18;44)}
Hour: 5: {(11;43),(17;6)}-{(12;37),(28;5)}-{(46;41),(42;31)}-{(26;6),(20;2)}-{(1;41),(25;5)}-{(41;7),(49;49)}-{(36;49),(6;38)}-{(43;10),(47;19)}-{(49;8),(14;17)}-{(33;11),(6;13)}-{(13;26),(28;47)}-{(49;46),(46;32)}-{(10;37),(27;33)}-{(7;11),(32;38)}-{(12;13),(0;25)}-{(32;33),(30;40)}-{(9;20),(11;10)}-{(16;21),(23;32)}-{(26;0),(16;49)}-{(41;1),(45;8)}-{(22;12),(22;20)}-{(15;22),(22;25)}-{(37;11),(10;43)}-{(44;34),(8;44)}-{(12;16),(0;36)}-{(28;16),(19;47)}-{(14;21),(2;26)}-{(39;17),(32;19)}-{(48;5),(41;29)}-{(34;33),(13;8)}-{(17;16),(9;41)}-{(49;23),(4;25)}-{(22;25),(49;40)}-{(12;3),(22;25)}-{(43;17),(44;32)}-{(37;30),(30;20)}-{(47;47),(35;19)}-{(16;22),(49;2)}-{(27;15),(25;41)}-{(0;30),(1;42)}
Hour: 6: {(43;37),(2;14)}-{(14;7),(6;49)}-{(48;37),(48;6)}-{(21;13),(5;4)}-{(23;42),(17;26)}-{(33;12),(41;47)}-{(42;4),(38;8)}-{(10;32),(46;6)}-{(27;25),(13;20)}-{(8;9),(24;49)}-{(40;24),(18;1)}-{(12;15),(28;42)}-{(0;33),(7;12)}-{(41;41),(43;43)}-{(45;20),(19;37)}-{(2;21),(49;15)}-{(43;9),(31;38)}-{(22;18),(2;10)}-{(6;4),(41;16)}-{(4;20),(15;9)}-{(42;45),(29;2)}-{(49;5),(0;23)}-{(19;30),(46;7)}-{(43;0),(23;44)}-{(27;40),(14;41)}-{(10;28),(42;37)}-{(29;16),(17;6)}-{(20;39),(16;41)}-{(36;30),(32;33)}-{(40;6),(26;7)}
Hour: 7: {(45;21),(43;9)}-{(34;7),(49;44)}-{(35;19),(36;11)}-{(7;28),(41;13)}-{(24;43),(26;19)}-{(11;9),(11;35)}-{(4;28),(1;31)}-{(39;35),(9;5)}-{(34;36),(49;29)}-{(26;8),(23;20)}-{(30;38),(16;5)}-{(0;46),(11;43)}-{(21;21),(7;48)}-{(12;17),(9;38)}-{(30;24),(7;33)}-{(19;33),(4;0)}-{(16;28),(44;9)}-{(37;29),(35;3)}-{(13;2),(32;9)}-{(42;18),(1;10)}-{(9;16),(19;3)}-{(36;35),(34;3)}-{(43;32),(42;27)}-{(27;29),(28;4)}-{(6;18),(16;45)}-{(3;38),(47;16)}-{(5;30),(41;31)}-{(35;7),(27;48)}-{(3;43),(38;3)}-{(19;28),(15;27)}-{(2;27),(36;23)}-{(21;6),(12;48)}-{(25;36),(16;49)}-{(40;35),(39;21)}-{(9;40),(17;33)}-{(43;49),(10;45)}-{(0;17),(23;12)}
Hour: 8: {(2;0),(21;19)}-{(24;46),(34;46)}-{(33;13),(47;42)}-{(24;23),(11;5)}-{(30;7),(6;42)}-{(1;41),(20;42)}-{(34;43),(21;42)}-{(5;19),(12;2)}-{(34;19),(31;19)}-{(4;28),(22;18)}-{(25;28),(44;27)}-{(0;2),(6;40)}-{(4;26),(44;49)}-{(31;14),(11;11)}-{(7;40),(6;20)}-{(44;30),(47;28)}-{(7;6),(32;25)}-{(23;33),(1;0)}-{(26;0),(26;22)}-{(48;6),(41;25)}-{(1;41),(38;45)}-{(28;45),(36;11)}-{(49;22),(15;43)}-{(48;35),(4;12)}-{(42;16),(41;40)}-{(7;43),(16;5)}-{(16;32),(38;26)}-{(40;46),(31;42)}-{(3;5),(36;47)}-{(10;30),(25;24)}-{(34;16),(28;21)}-{(34;20),(41;14)}-{(38;14),(18;37)}-{(14;35),(37;16)}-{(43;37),(26;1)}
Hour: 9: {(5;35),(16;21)}-{(8;28),(45;44)}-{(16;4),(6;37)}-{(10;0),(25;16)}-{(48;42),(16;29)}-{(49;35),(44;39)}-{(29;22),(46;4)}-{(44;8),(43;36)}-{(28;31),(12;9)}-{(39;11),(3;35)}-{(38;21),(4;3)}-{(5;46),(47;43)}-{(43;15),(36;14)}-{(34;42),(4;7)}-{(28;14),(4;9)}-{(39;40),(4;0)}-{(32;34),(22;39)}-{(14;46),(26;27)}-{(21;25),(32;11)}-{(38;27),(29;6)}-{(42;21),(28;15)}-{(38;37),(29;8)}-{(13;21),(27;38)}-{(32;24),(36;6)}-{(22;18),(11;33)}-{(10;48),(36;34)}-{(32;39),(9;43)}-{(5;31),(37;49)}-{(11;39),(40;11)}-{(41;33),(2;1)}-{(33;44),(11;12)}-{(10;24),(19;45)}-{(45;38),(45;27)}-{(13;16),(10;49)}-{(47;49),(48;25)}-{(16;27),(49;38)}-{(3;45),(14;4)}-{(5;29),(16;16)}-{(33;32),(11;6)}-{(9;19),(20;47)}-{(48;33),(29;11)}-{(23;34),(21;49)}-{(0;9),(41;37)}-{(5;31),(35;9)}-{(39;16),(0;28)}-{(2;31),(11;10)}-{(5;49),(2;36)}-{(20;35),(0;16)}-{(34;14),(22;37)}
Hour: 10: {(0;48),(12;27)}-{(48;9),(39;6)}-{(11;1),(10;6)}-{(37;6),(20;45)}-{(4;7),(39;47)}-{(12;37),(27;42)}-{(11;44),(1;31)}-{(48;7),(16;22)}-{(28;23),(7;26)}-{(0;6),(19;26)}-{(38;3),(37;24)}-{(6;8),(15;44)}-{(21;37),(25;6)}-{(48;23),(36;6)}-{(14;9),(32;26)}-{(48;3),(1;28)}-{(35;33),(35;12)}-{(39;37),(26;21)}-{(48;11),(46;14)}-{(26;7),(22;11)}-{(35;37),(16;1)}-{(1;45),(1;19)}-{(1;34),(24;44)}-{(42;22),(29;22)}-{(39;39),(27;8)}-{(45;1),(5;10)}-{(19;4),(3;0)}-{(49;22),(3;47)}-{(3;48),(29;20)}-{(6;13),(4;9)}-{(31;17),(14;31)}-{(11;23),(23;49)}-{(37;20),(48;48)}-{(46;31),(40;40)}
Hour: 11: {(47;25),(13;7)}-{(23;29),(18;23)}-{(44;31),(17;10)}-{(38;48),(47;39)}-{(40;16),(5;31)}-{(12;17),(41;43)}-{(33;21),(38;11)}-{(15;35),(30;43)}-{(27;7),(8;16)}-{(36;43),(7;22)}-{(2;49),(15;39)}-{(32;4),(32;6)}-{(18;5),(37;13)}-{(0;10),(16;7)}-{(35;9),(13;7)}-{(21;2),(41;12)}-{(45;24),(22;31)}-{(33;29),(46;5)}-{(23;8),(46;2)}-{(19;46),(43;41)}-{(8;2),(0;46)}-{(42;24),(17;9)}-{(44;27),(38;8)}-{(34;24),(22;39)}-{(3;21),(13;19)}-{(0;39),(17;46)}-{(46;45),(1;24)}-{(13;12),(4;42)}-{(10;1),(9;7)}-{(24;9),(6;34)}-{(31;47),(31;29)}-{(24;5),(6;7)}-{(0;40),(48;27)}-{(20;18),(44;47)}-{(26;29),(9;2)}-{(35;3),(7;34)}-{(38;4),(5;35)}-{(11;5),(34;28)}-{(2;7),(48;3)}
