300-0.5-1.txt 0.28528377699648416 0.30487192365645405 0.019588146659969885 0.29432446007031643
300-0.5-10.txt 0.28191741813004273 0.292358803986711 0.010441385856668262 0.28144280968201235
300-0.5-15.txt 0.2795031055900621 0.27854753941710464 -0.000955566172957445 0.28236980410893453
300-0.5-2.txt 0.2843385707045109 0.30106436898124683 0.016725798276735926 0.2873796249366447
300-0.5-5.txt 0.2992042440318302 0.3246684350132626 0.025464190981432377 0.30875331564986735
300-0.75-1.txt 0.3354967548676985 0.3539690464303545 0.018472291562656007 0.3414877683474788
300-0.75-10.txt 0.3553634977122522 0.3746822572445348 0.019318759532282626 0.3746822572445348
300-0.75-15.txt 0.30432780847145485 0.31813996316758747 0.013812154696132617 0.3199815837937385
300-0.75-2.txt 0.32689655172413795 0.35724137931034483 0.03034482758620688 0.34206896551724136
300-0.75-5.txt 0.3890784982935154 0.4311717861205916 0.04209328782707622 0.4129692832764505
300-1-1.txt 0.3210172744721689 0.32245681381957775 0.0014395393474088691 0.32149712092130517
300-1-10.txt 0.35006846188954815 0.35189411227749884 0.0018256503879506836 0.35280693747147424
300-1-15.txt 0.37321516494337764 0.362383062530773 -0.010832102412604627 0.37124569177744954
300-1-2.txt 0.37978900610771793 0.38811771238201 0.008328706274292053 0.3870072182121044
300-1-5.txt 0.34784601283226396 0.3721356553620532 0.024289642529789213 0.3602199816681943
300-1.25-1.txt 0.37867824409068984 0.3994211287988423 0.020742884708152443 0.3791606367583213
300-1.25-10.txt 0.4010335917312661 0.42997416020671836 0.028940568475452233 0.4196382428940568
300-1.25-15.txt 0.35743519781718963 0.37335152341973626 0.015916325602546633 0.38108231014097316
300-1.25-2.txt 0.3551312649164678 0.38329355608591886 0.02816229116945107 0.35990453460620525
300-1.25-5.txt 0.3684879288437103 0.3748411689961881 0.00635324015247779 0.3833121558661584
300-1.5-1.txt 0.3900100908173562 0.3980827447023209 0.008072653884964698 0.3910191725529768
300-1.5-10.txt 0.3685927306616962 0.3984156570363467 0.029822926374650505 0.38397017707362535
300-1.5-15.txt 0.44549499443826474 0.4532814238042269 0.007786429365962189 0.4649610678531702
300-1.5-2.txt 0.42190669371196754 0.4325557809330629 0.010649087221095366 0.42190669371196754
300-1.5-5.txt 0.4200743494423792 0.4397238449283059 0.019649495485926705 0.4142326075411577
300-2-1.txt 0.4353379457158063 0.46141564662054285 0.026077700904736545 0.4454497072911123
300-2-10.txt 0.4648478488982162 0.5157397691500525 0.05089192025183631 0.4695697796432319
300-2-15.txt 0.4645441389290883 0.47129763627592863 0.006753497346840331 0.4684032802701399
300-2-2.txt 0.4683411826268969 0.4976452119309262 0.02930402930402931 0.4772370486656201
300-2-5.txt 0.46653543307086615 0.4862204724409449 0.01968503937007876 0.46210629921259844
600-0.5-1.txt 0.2920416864045476 0.3036475603979157 0.011605873993368099 0.2936996684036002
600-0.5-10.txt 0.30935915168280315 0.3024435223605348 -0.006915629322268357 0.31212540341171047
600-0.5-15.txt 0.3270167839740119 0.3370330265295073 0.01001624255549538 0.33730373578776396
600-0.5-2.txt 0.32099627560521415 0.3230912476722533 0.0020949720670391248 0.31727188081936686
600-0.5-5.txt 0.2809855649576904 0.28944748631159783 0.008461921353907442 0.2936784469885515
600-0.75-1.txt 0.2922384701912261 0.3034870641169854 0.011248593925759276 0.2924634420697413
600-0.75-10.txt 0.3640497845859263 0.36022020105313546 -0.0038295835327908367 0.3585447582575395
600-0.75-15.txt 0.3495417515274949 0.36379837067209775 0.014256619144602856 0.3566700610997963
600-0.75-2.txt 0.34242957746478875 0.35475352112676056 0.012323943661971815 0.34837147887323944
600-0.75-5.txt 0.3438780154756486 0.35184342284934 0.007965407373691391 0.34569868001820664
600-1-1.txt 0.33098125689084895 0.3472987872105843 0.016317530319735374 0.3340683572216097
600-1-10.txt 0.37295434969853575 0.3682170542635659 -0.004737295434969868 0.37790697674418605
600-1-15.txt 0.3836065573770492 0.39398907103825137 0.010382513661202186 0.3959016393442623
600-1-2.txt 0.3879110699397869 0.4034275127373784 0.015516442797591512 0.39555349698934694
600-1-5.txt 0.3591197822141561 0.3793103448275862 0.020190562613430107 0.3636569872958258
600-1.25-1.txt 0.37607046733545385 0.3794959628089063 0.0034254954734524445 0.372155615365794
600-1.25-10.txt 0.36774804641250297 0.3753255979161733 0.007577551503670343 0.375562396400663
600-1.25-15.txt 0.3995451099317665 0.39979782663634067 0.00025271670457416295 0.4035885772049532
600-1.25-2.txt 0.3642638036809816 0.3829243353783231 0.018660531697341498 0.3716768916155419
600-1.25-5.txt 0.4077141504969238 0.4209654519640322 0.0132513014671084 0.4103170847136772
600-1.5-1.txt 0.37783878213127026 0.40179685550287 0.02395807337159972 0.37958572498128273
600-1.5-10.txt 0.4445924347362813 0.4549813532232286 0.010388918486947285 0.4477890250399574
600-1.5-15.txt 0.4170446407257102 0.42014800668417285 0.003103365958462667 0.4246836953926951
600-1.5-2.txt 0.39036755386565275 0.4091254752851711 0.018757921419518375 0.39949302915082385
600-1.5-5.txt 0.4059858350468357 0.4254055289010738 0.019419693854238085 0.4135252456020105
600-2-1.txt 0.43034697048161574 0.45520455722423614 0.024857586742620397 0.43992749870533404
600-2-10.txt 0.423095703125 0.478515625 0.055419921875 0.460205078125
600-2-15.txt 0.47264551586310266 0.475643267549338 0.0029977516862353393 0.47289532850362226
600-2-2.txt 0.4117100371747212 0.42588289962825276 0.014172862453531554 0.4144981412639405
600-2-5.txt 0.4978880675818374 0.5087117212249208 0.010823653643083408 0.48891235480464623
900-0.5-1.txt 0.3210854542390022 0.32260239339288727 0.0015169391538850663 0.32260239339288727
900-0.5-10.txt 0.3348559381588194 0.3408292340126493 0.005973295853829885 0.33731553056922
900-0.5-15.txt 0.314370272936534 0.3151923709306149 0.0008220979940808948 0.3171654061164091
900-0.5-2.txt 0.31846226862838156 0.33111849390919157 0.012656225280810007 0.32241733902863473
900-0.5-5.txt 0.325680551000328 0.32961626762873075 0.003935716628402752 0.3289603148573303
900-0.75-1.txt 0.3401039206424185 0.3481341521020312 0.00803023145961268 0.343725397575185
900-0.75-10.txt 0.3650604461093138 0.3579090754299336 -0.007151370679380209 0.36693342414438956
900-0.75-15.txt 0.359295154185022 0.3575330396475771 -0.0017621145374449032 0.36651982378854625
900-0.75-2.txt 0.3510395898604386 0.36285958416405584 0.011819994303617243 0.3537453716889775
900-0.75-5.txt 0.36041917196358014 0.36557292561415566 0.005153753650575521 0.36282425700051535
900-1-1.txt 0.3602906333912494 0.3705575738429948 0.010266940451745421 0.36502922129205495
900-1-10.txt 0.3688635340039033 0.3649602161837562 -0.003903317820147134 0.3750187659510584
900-1-15.txt 0.3798767967145791 0.3899726214921287 0.010095824777549611 0.39407939767282685
900-1-2.txt 0.3602693602693603 0.37052341597796146 0.010254055708601162 0.3682277318640955
900-1-5.txt 0.4029171894604768 0.4060539523212045 0.0031367628607277265 0.3969573400250941
900-1.25-1.txt 0.38292104371399527 0.3946119959335818 0.011690952219586548 0.3830904778041342
900-1.25-10.txt 0.40040650406504064 0.4074421513445904 0.0070356472795497504 0.40447154471544716
900-1.25-15.txt 0.420862177470107 0.4024543738200126 -0.018407803650094423 0.41865953429830083
900-1.25-2.txt 0.3994680018776404 0.4133938350805821 0.013925833202941662 0.40353622281333124
900-1.25-5.txt 0.39983471074380167 0.4191735537190083 0.019338842975206605 0.41652892561983473
900-1.5-1.txt 0.37273579013116803 0.3850718301061836 0.012336039975015589 0.37851342910680824
900-1.5-10.txt 0.4017385904998448 0.40577460416019867 0.004036013660353888 0.4236262030425334
900-1.5-15.txt 0.40469786623632775 0.4258561950869643 0.021158328850636565 0.42549757934373317
900-1.5-2.txt 0.37262721327165416 0.3967139894720051 0.024086776200350934 0.38427181368639335
900-1.5-5.txt 0.4346781115879828 0.464206008583691 0.02952789699570818 0.43296137339055796
900-2-1.txt 0.4074074074074074 0.4220272904483431 0.0146198830409357 0.4090782511835143
900-2-10.txt 0.4645748987854251 0.4800944669365722 0.015519568151147078 0.4640688259109312
900-2-15.txt 0.4499703966844287 0.4527827116637063 0.0028123149792776414 0.4354647720544701
900-2-2.txt 0.42066979845431124 0.44309743900591 0.022427640551598738 0.42536747992120016
900-2-5.txt 0.5136371634699982 0.5220834066514165 0.00844624318141829 0.49304944571529125
