0.29390952741976245
0.29390952741976245
0.29390952741976245
0.29390952741976245
0.29390952741976245
0.29390952741976245
0.29390952741976245
0.29390952741976245
0.29390952741976245
0.29390952741976245
0.29390952741976245
0.29390952741976245
0.29390952741976245
0.29390952741976245
0.29390952741976245
0.29390952741976245
0.29390952741976245
0.29390952741976245
0.29390952741976245
0.29390952741976245
0.29390952741976245
0.29390952741976245
0.29390952741976245
0.29390952741976245
0.29390952741976245
