0.32752084912812734
0.32752084912812734
0.32752084912812734
0.32752084912812734
0.32752084912812734
0.32752084912812734
0.32752084912812734
0.32752084912812734
0.32752084912812734
0.32752084912812734
0.32752084912812734
0.32752084912812734
0.32752084912812734
0.32752084912812734
0.32752084912812734
0.32752084912812734
0.32752084912812734
0.32752084912812734
0.32752084912812734
0.32752084912812734
0.32752084912812734
0.32752084912812734
0.32752084912812734
0.32752084912812734
0.32752084912812734
