0.41521354561536516
0.41521354561536516
0.41521354561536516
0.41521354561536516
0.41521354561536516
0.41521354561536516
0.41521354561536516
0.41521354561536516
0.41521354561536516
0.41521354561536516
0.41521354561536516
0.41521354561536516
0.41521354561536516
0.41521354561536516
0.41521354561536516
0.41521354561536516
0.41521354561536516
0.41521354561536516
0.41521354561536516
0.41521354561536516
0.41521354561536516
0.41521354561536516
0.41521354561536516
0.41521354561536516
0.41521354561536516
