2-Dimensional Region Based Bike Env Seed 1 generated at 2021-09-23 00:48:59.765323
3,500,50,50
['(7;15)', '(27;11)', '(7;2)', '(17;17)', '(12;0)', '(7;7)', '(7;2)', '(18;17)', '(16;10)', '(24;19)', '(15;14)', '(3;6)', '(23;22)', '(7;18)', '(0;0)', '(26;24)', '(16;17)', '(21;14)', '(12;27)', '(0;20)', '(26;18)', '(14;17)', '(20;21)', '(26;18)', '(29;1)', '(5;13)', '(20;23)', '(24;9)', '(7;3)', '(24;22)', '(26;23)', '(26;8)', '(29;27)', '(12;23)', '(14;3)', '(3;2)', '(9;8)', '(24;25)', '(0;17)', '(16;11)', '(24;5)', '(26;20)', '(19;28)', '(3;14)', '(25;7)', '(17;15)', '(24;23)', '(22;8)', '(10;28)', '(22;9)']
Hour: 0: {(6;12),(9;16)}-{(8;11),(13;8)}-{(3;10),(11;7)}-{(3;11),(25;23)}-{(18;28),(28;11)}-{(4;15),(17;26)}-{(16;14),(20;12)}-{(5;21),(22;25)}-{(23;15),(2;19)}-{(16;11),(27;5)}-{(20;18),(4;26)}-{(23;10),(9;1)}-{(21;23),(9;16)}-{(10;12),(16;17)}-{(3;27),(3;20)}-{(8;2),(28;24)}-{(8;29),(3;28)}-{(2;29),(9;7)}
Hour: 1: {(25;19),(16;14)}-{(19;14),(0;12)}-{(11;12),(23;8)}-{(27;23),(27;7)}-{(10;4),(24;13)}-{(29;8),(27;8)}-{(17;13),(3;6)}-{(13;17),(23;4)}-{(7;9),(3;26)}-{(15;14),(16;20)}-{(17;7),(19;13)}-{(16;27),(19;5)}-{(26;5),(28;1)}-{(19;0),(7;18)}-{(15;25),(0;23)}-{(16;28),(24;5)}-{(21;24),(19;9)}-{(14;2),(19;16)}-{(2;4),(18;0)}-{(11;19),(23;10)}-{(25;7),(29;21)}-{(21;10),(1;23)}-{(16;12),(10;28)}-{(21;9),(15;8)}-{(28;23),(25;12)}-{(10;15),(3;19)}-{(21;28),(18;19)}-{(10;17),(19;23)}-{(9;4),(23;16)}-{(0;3),(10;7)}-{(13;28),(18;3)}-{(29;10),(21;16)}-{(28;24),(26;10)}-{(1;2),(23;28)}
Hour: 2: {(25;15),(26;25)}-{(0;13),(26;21)}-{(16;8),(0;7)}-{(12;24),(8;25)}-{(20;25),(4;29)}-{(6;18),(11;3)}-{(1;29),(14;0)}-{(21;0),(28;9)}-{(2;12),(18;7)}-{(27;27),(11;20)}-{(20;4),(23;11)}-{(4;1),(16;22)}-{(28;9),(25;17)}-{(11;14),(4;12)}-{(18;28),(23;19)}-{(13;12),(9;12)}-{(27;7),(24;18)}-{(9;6),(0;15)}-{(29;3),(15;14)}-{(10;18),(3;2)}-{(20;23),(11;19)}-{(10;22),(22;13)}
Hour: 3: {(15;21),(7;0)}-{(15;5),(7;27)}-{(0;28),(14;22)}-{(28;29),(29;26)}-{(14;9),(25;23)}-{(27;19),(1;20)}-{(20;24),(11;18)}-{(17;2),(9;3)}-{(24;27),(20;2)}-{(15;11),(28;4)}-{(26;12),(18;4)}-{(20;3),(5;12)}-{(1;3),(19;23)}-{(18;23),(28;20)}-{(13;15),(17;26)}-{(28;18),(14;23)}-{(25;0),(17;22)}-{(27;17),(18;25)}-{(29;3),(8;29)}-{(17;27),(26;9)}-{(20;11),(13;4)}-{(5;19),(9;4)}-{(10;14),(29;22)}-{(4;3),(16;21)}-{(19;12),(26;4)}
Hour: 4: {(9;17),(4;15)}-{(3;16),(0;0)}-{(12;12),(8;5)}-{(10;16),(14;27)}-{(27;6),(6;26)}-{(0;4),(2;5)}-{(15;3),(2;28)}-{(1;29),(0;28)}-{(25;5),(0;8)}-{(12;28),(4;23)}-{(0;14),(27;12)}-{(17;25),(20;1)}-{(23;16),(8;14)}-{(12;17),(7;0)}-{(9;26),(1;20)}-{(15;14),(24;3)}-{(24;27),(12;26)}-{(7;12),(4;10)}-{(25;21),(11;17)}-{(17;5),(25;20)}-{(0;20),(26;17)}-{(0;22),(1;28)}-{(12;12),(2;19)}-{(19;4),(15;29)}-{(16;8),(27;21)}-{(15;27),(6;29)}-{(3;7),(16;19)}-{(18;17),(28;22)}-{(21;4),(1;25)}-{(28;1),(6;8)}-{(24;22),(5;3)}-{(10;18),(0;15)}-{(5;16),(2;26)}-{(23;20),(28;26)}-{(14;7),(20;20)}-{(2;10),(18;8)}-{(6;26),(14;1)}-{(6;20),(23;12)}-{(28;21),(2;13)}-{(27;22),(3;12)}-{(28;2),(29;18)}-{(16;13),(15;12)}-{(5;11),(0;4)}-{(22;17),(22;8)}-{(13;15),(18;22)}-{(0;13),(23;25)}-{(4;11),(1;1)}-{(29;17),(12;27)}-{(7;25),(19;4)}
Hour: 5: {(16;28),(13;3)}-{(2;11),(19;12)}-{(10;27),(5;7)}-{(13;24),(12;24)}-{(0;11),(8;21)}-{(8;9),(0;10)}-{(23;6),(29;21)}-{(18;2),(26;7)}-{(9;6),(13;8)}-{(20;10),(7;13)}-{(28;5),(18;10)}-{(0;12),(25;2)}-{(29;8),(26;27)}-{(21;13),(21;12)}-{(4;14),(26;27)}-{(3;19),(26;11)}-{(27;15),(3;22)}-{(16;5),(15;17)}-{(13;27),(14;10)}-{(17;9),(19;6)}-{(5;18),(11;1)}-{(21;26),(3;8)}-{(14;16),(8;12)}-{(15;28),(0;23)}-{(25;13),(5;22)}-{(17;24),(21;19)}-{(11;24),(19;20)}-{(23;5),(24;0)}-{(28;12),(15;9)}-{(22;29),(13;20)}-{(19;5),(20;20)}-{(11;24),(14;1)}-{(27;13),(8;16)}-{(8;11),(12;16)}-{(22;19),(23;15)}-{(28;14),(28;21)}-{(0;0),(9;0)}-{(29;22),(4;5)}
Hour: 6: {(24;28),(13;14)}-{(4;20),(12;17)}-{(3;23),(0;9)}-{(4;26),(1;12)}-{(23;21),(24;9)}-{(17;26),(11;29)}-{(17;11),(5;13)}-{(22;22),(4;16)}-{(29;23),(28;24)}-{(11;24),(20;27)}-{(23;24),(15;5)}-{(28;22),(25;17)}-{(1;6),(16;26)}-{(27;25),(28;21)}-{(4;20),(12;7)}-{(21;28),(21;19)}-{(20;1),(1;17)}-{(28;19),(8;20)}-{(23;15),(3;12)}-{(28;16),(11;13)}-{(24;8),(26;7)}-{(29;25),(28;12)}-{(22;21),(15;1)}-{(12;24),(17;29)}-{(3;8),(4;20)}-{(14;23),(3;5)}-{(20;3),(17;13)}-{(24;25),(14;24)}-{(16;13),(10;8)}-{(5;18),(14;17)}-{(12;10),(1;0)}-{(27;23),(12;20)}-{(1;9),(6;5)}-{(14;0),(29;20)}
Hour: 7: {(29;18),(29;18)}-{(12;28),(28;22)}-{(28;17),(2;29)}-{(20;3),(9;16)}-{(12;7),(24;19)}-{(19;25),(16;20)}-{(27;6),(17;17)}-{(14;14),(20;27)}-{(23;14),(25;8)}-{(29;22),(21;12)}-{(26;21),(9;13)}-{(26;9),(19;4)}-{(12;6),(28;3)}-{(18;9),(23;8)}-{(25;15),(19;23)}-{(21;0),(16;19)}-{(2;3),(14;14)}-{(14;9),(13;26)}-{(19;0),(2;21)}-{(28;9),(6;19)}-{(27;11),(18;12)}-{(3;13),(29;15)}-{(3;8),(23;20)}-{(28;29),(25;21)}-{(8;28),(11;3)}-{(24;8),(29;9)}-{(15;7),(7;29)}-{(19;27),(28;18)}-{(13;7),(14;22)}-{(29;20),(1;19)}-{(15;9),(4;20)}-{(19;13),(29;25)}-{(29;24),(18;1)}-{(22;13),(15;23)}-{(13;5),(8;27)}-{(28;19),(12;18)}-{(27;6),(11;9)}
Hour: 8: {(13;15),(25;7)}-{(7;26),(13;20)}-{(16;16),(24;17)}-{(13;13),(19;2)}-{(1;29),(20;29)}-{(20;27),(1;0)}-{(28;17),(14;14)}-{(23;26),(7;21)}-{(26;15),(3;22)}-{(2;17),(10;6)}-{(9;0),(9;24)}-{(17;1),(24;2)}-{(20;26),(7;28)}-{(3;12),(3;1)}-{(20;20),(8;13)}-{(7;6),(5;18)}-{(15;14),(28;7)}-{(18;16),(23;16)}-{(9;0),(3;28)}-{(2;10),(14;29)}-{(16;28),(1;17)}-{(19;23),(1;19)}-{(1;29),(1;6)}-{(5;20),(13;29)}
Hour: 9: {(16;7),(21;16)}-{(21;1),(26;29)}-{(15;11),(13;3)}-{(13;9),(16;2)}-{(20;14),(6;11)}-{(21;9),(6;1)}
Hour: 10: {(11;15),(26;1)}-{(24;15),(26;11)}-{(12;12),(8;23)}-{(8;15),(21;6)}-{(25;29),(29;17)}-{(21;9),(15;8)}-{(19;16),(19;27)}-{(3;19),(29;0)}-{(4;5),(6;29)}-{(11;14),(11;16)}-{(1;27),(0;0)}-{(7;13),(2;19)}-{(19;4),(18;16)}-{(17;14),(0;22)}-{(8;17),(1;22)}-{(8;28),(22;22)}-{(3;8),(8;24)}-{(25;9),(10;15)}-{(19;19),(6;17)}-{(29;22),(14;9)}-{(17;2),(27;4)}-{(0;6),(29;15)}
Hour: 11: {(28;9),(13;29)}-{(14;10),(21;29)}-{(23;28),(23;29)}-{(21;3),(25;16)}-{(15;24),(25;17)}-{(29;12),(5;19)}-{(15;25),(6;22)}-{(28;27),(23;21)}-{(2;23),(5;19)}-{(8;23),(29;5)}-{(0;5),(24;6)}-{(21;23),(15;2)}-{(10;11),(10;7)}-{(4;22),(16;11)}-{(11;23),(8;7)}-{(8;16),(27;7)}-{(4;24),(21;19)}-{(24;0),(28;16)}-{(9;2),(10;2)}-{(13;8),(8;22)}-{(17;24),(15;23)}-{(8;13),(7;25)}-{(24;12),(14;27)}-{(5;8),(9;2)}-{(24;22),(23;28)}-{(10;16),(6;26)}-{(27;20),(28;7)}-{(16;4),(24;29)}-{(13;7),(18;2)}-{(2;3),(13;0)}-{(4;26),(29;8)}-{(5;7),(13;25)}-{(20;4),(18;14)}-{(12;21),(9;14)}-{(7;25),(27;27)}-{(16;18),(11;13)}-{(29;1),(24;6)}-{(20;6),(5;6)}-{(6;1),(5;8)}-{(26;0),(23;28)}-{(25;28),(9;17)}-{(29;10),(6;29)}-{(23;3),(21;25)}-{(14;14),(27;2)}-{(29;10),(2;5)}-{(4;26),(8;21)}-{(28;3),(7;10)}-{(27;16),(22;18)}-{(17;9),(2;15)}-{(22;28),(0;3)}
