2-Dimensional Region Based Bike Env Seed 2 generated at 2021-09-23 13:23:15.813346
3,100,50,50
['(10;8)', '(6;27)', '(3;7)', '(6;20)', '(14;28)', '(8;29)', '(15;8)', '(9;22)', '(1;16)', '(28;6)', '(2;3)', '(18;22)', '(0;16)', '(24;5)', '(15;5)', '(10;20)', '(27;20)', '(4;16)', '(6;11)', '(26;18)', '(22;1)', '(10;6)', '(1;13)', '(7;8)', '(1;1)', '(28;20)', '(25;27)', '(18;8)', '(28;4)', '(15;17)', '(3;24)', '(4;10)', '(2;1)', '(15;29)', '(24;14)', '(7;3)', '(15;4)', '(19;3)', '(5;11)', '(14;19)', '(15;20)', '(4;21)', '(29;3)', '(6;29)', '(6;26)', '(2;15)', '(26;19)', '(10;29)', '(15;15)', '(7;19)']
Hour: 0: {(25;10),(12;6)}-{(8;18),(28;1)}-{(27;6),(1;0)}-{(15;28),(13;12)}-{(6;2),(26;8)}-{(18;8),(0;24)}-{(28;1),(7;18)}-{(29;0),(9;24)}-{(29;19),(12;19)}-{(17;6),(6;3)}-{(16;3),(24;28)}-{(18;4),(15;12)}-{(24;29),(16;7)}-{(28;22),(28;29)}-{(19;29),(13;23)}-{(11;21),(5;25)}-{(3;14),(29;14)}-{(6;7),(22;17)}-{(8;5),(9;17)}-{(7;1),(18;1)}-{(14;26),(14;13)}-{(21;19),(12;23)}-{(14;29),(13;19)}-{(10;28),(8;22)}-{(3;28),(0;26)}-{(12;22),(7;22)}-{(10;27),(14;21)}
Hour: 1: {(21;25),(11;25)}-{(11;0),(19;22)}-{(26;28),(17;18)}-{(29;14),(15;22)}-{(24;19),(4;19)}-{(10;12),(7;15)}-{(14;25),(10;3)}-{(9;12),(7;7)}-{(29;2),(12;21)}-{(17;4),(27;4)}-{(20;23),(5;17)}-{(19;23),(23;14)}-{(5;3),(27;28)}-{(2;3),(25;16)}-{(6;26),(2;10)}-{(11;22),(6;19)}-{(27;19),(8;22)}-{(4;5),(21;8)}-{(5;22),(18;2)}-{(21;3),(29;2)}-{(29;29),(10;17)}-{(9;4),(24;28)}-{(26;24),(27;23)}-{(0;20),(19;19)}-{(8;6),(1;18)}-{(7;12),(14;7)}-{(26;16),(29;6)}-{(7;8),(8;13)}
Hour: 2: {(23;5),(8;24)}-{(13;19),(22;19)}-{(14;11),(14;23)}-{(0;25),(5;11)}-{(2;11),(27;18)}-{(3;19),(5;14)}-{(25;13),(8;14)}-{(18;17),(3;21)}
Hour: 3: {(4;10),(10;24)}-{(10;7),(13;13)}-{(24;13),(29;18)}-{(24;22),(13;19)}-{(7;16),(4;9)}-{(20;4),(5;3)}-{(7;26),(3;24)}-{(8;14),(29;5)}-{(20;6),(24;17)}-{(10;12),(9;7)}-{(15;8),(15;2)}-{(17;22),(29;5)}-{(5;6),(9;25)}-{(27;13),(23;15)}-{(17;8),(28;2)}-{(21;23),(11;10)}-{(17;5),(11;22)}-{(19;8),(7;29)}-{(18;7),(9;18)}-{(24;24),(29;27)}-{(29;25),(5;15)}-{(15;12),(26;2)}-{(6;2),(11;7)}-{(20;28),(4;19)}-{(7;15),(2;3)}-{(14;12),(11;16)}-{(10;19),(10;25)}-{(8;0),(29;29)}-{(13;12),(8;1)}-{(8;20),(28;12)}-{(5;14),(14;0)}-{(21;1),(29;18)}-{(2;2),(16;9)}-{(26;17),(20;20)}-{(23;27),(9;5)}-{(18;17),(4;12)}-{(16;20),(16;20)}-{(11;21),(22;20)}-{(22;25),(17;12)}-{(2;14),(13;3)}-{(15;23),(29;1)}-{(7;17),(6;21)}-{(20;11),(27;22)}-{(27;11),(7;13)}-{(28;15),(27;5)}-{(23;2),(14;6)}-{(13;1),(27;20)}-{(9;10),(1;8)}
Hour: 4: {(13;11),(14;3)}-{(22;23),(26;3)}-{(20;23),(24;22)}-{(3;18),(4;17)}-{(12;25),(20;15)}-{(17;16),(27;1)}-{(17;22),(9;10)}-{(12;28),(8;14)}-{(18;25),(22;13)}-{(7;10),(13;21)}-{(23;0),(2;14)}-{(24;1),(0;14)}-{(18;11),(15;8)}-{(10;18),(24;15)}-{(6;21),(4;22)}-{(17;16),(7;17)}-{(15;0),(14;23)}-{(5;28),(2;23)}-{(10;13),(6;25)}-{(10;8),(21;22)}-{(14;15),(15;20)}-{(2;25),(3;19)}-{(10;2),(1;28)}-{(22;0),(13;23)}-{(4;6),(19;0)}-{(13;28),(4;5)}-{(6;29),(9;28)}-{(4;16),(24;15)}-{(4;12),(17;14)}-{(20;4),(18;9)}
Hour: 5: {(23;18),(5;4)}-{(11;9),(14;16)}-{(13;14),(21;6)}-{(12;14),(9;20)}-{(10;13),(16;12)}-{(0;8),(16;26)}-{(15;5),(3;26)}-{(3;4),(0;28)}-{(20;1),(1;5)}-{(2;3),(21;27)}-{(16;5),(5;22)}-{(27;1),(13;29)}-{(29;19),(25;27)}
Hour: 6: {(21;26),(13;9)}-{(11;4),(7;27)}-{(9;25),(18;11)}-{(1;27),(24;24)}-{(14;11),(10;26)}-{(27;10),(12;25)}-{(1;1),(15;14)}-{(12;17),(14;18)}-{(10;24),(17;18)}-{(4;12),(12;21)}-{(17;8),(17;29)}-{(24;19),(22;3)}-{(22;5),(25;16)}-{(23;26),(10;18)}-{(20;21),(1;27)}-{(9;7),(20;5)}-{(7;21),(0;22)}-{(10;13),(5;1)}-{(23;6),(28;6)}-{(5;0),(10;21)}-{(5;8),(28;4)}-{(9;13),(5;6)}-{(15;8),(24;5)}-{(5;4),(22;5)}-{(20;16),(20;2)}-{(28;14),(9;2)}-{(16;13),(1;20)}-{(12;29),(29;18)}-{(0;27),(26;19)}-{(26;0),(24;26)}-{(24;12),(2;20)}-{(4;14),(11;26)}-{(10;0),(12;26)}-{(0;21),(12;15)}-{(10;0),(6;25)}-{(15;5),(15;16)}-{(10;24),(20;4)}-{(19;20),(23;0)}-{(22;4),(19;4)}-{(21;6),(4;19)}-{(25;18),(0;19)}-{(28;1),(27;7)}-{(21;29),(10;5)}
Hour: 7: {(5;27),(25;23)}-{(29;19),(5;14)}
Hour: 8: {(2;10),(8;0)}-{(21;8),(13;8)}
Hour: 9: {(8;0),(23;28)}-{(4;23),(6;29)}-{(10;29),(20;19)}-{(29;2),(28;2)}-{(6;10),(14;10)}-{(3;8),(13;10)}-{(6;7),(8;23)}-{(6;8),(28;9)}-{(10;22),(28;10)}-{(26;11),(13;10)}-{(24;28),(25;22)}-{(27;20),(10;27)}-{(24;23),(9;7)}-{(22;12),(4;22)}-{(8;25),(0;3)}-{(15;1),(12;21)}-{(24;10),(20;22)}-{(14;9),(0;23)}-{(28;2),(5;0)}-{(16;12),(12;10)}-{(28;4),(25;0)}-{(3;22),(18;23)}-{(7;27),(10;18)}-{(4;11),(7;2)}-{(7;28),(22;16)}-{(9;3),(12;20)}-{(19;14),(29;1)}-{(13;3),(9;1)}-{(26;20),(5;22)}-{(7;6),(29;13)}-{(23;24),(23;19)}-{(17;16),(11;28)}-{(11;5),(25;14)}
Hour: 10: {(11;23),(18;4)}-{(0;8),(10;1)}-{(22;4),(15;3)}-{(2;0),(16;2)}-{(18;26),(19;9)}-{(21;19),(26;11)}-{(0;11),(23;10)}-{(20;12),(27;6)}-{(29;29),(15;18)}-{(3;6),(4;14)}-{(14;0),(13;8)}-{(2;11),(29;12)}-{(22;27),(7;19)}-{(12;1),(23;5)}-{(26;21),(1;7)}-{(21;8),(22;6)}-{(26;15),(27;0)}-{(17;21),(23;23)}-{(27;24),(21;28)}-{(5;10),(27;6)}-{(2;7),(19;2)}-{(0;18),(13;11)}-{(27;14),(15;25)}-{(1;11),(19;11)}-{(28;18),(15;6)}-{(17;22),(18;22)}-{(19;4),(12;18)}-{(5;15),(16;13)}-{(5;28),(9;16)}-{(13;0),(0;12)}-{(21;28),(3;26)}
Hour: 11: {(21;0),(3;5)}-{(26;0),(27;26)}-{(14;16),(14;7)}-{(17;2),(5;8)}-{(5;18),(13;16)}-{(21;1),(12;16)}-{(16;27),(19;26)}-{(23;22),(1;8)}-{(19;8),(0;29)}-{(6;8),(26;19)}-{(11;7),(20;14)}-{(1;14),(19;20)}-{(15;1),(29;27)}-{(12;3),(27;4)}-{(13;9),(13;16)}-{(21;23),(26;23)}-{(10;27),(14;16)}-{(1;4),(5;22)}-{(2;1),(23;29)}-{(18;25),(0;1)}-{(17;11),(10;21)}-{(8;17),(27;2)}-{(7;13),(1;17)}-{(16;1),(18;8)}-{(27;20),(16;20)}-{(2;20),(7;29)}-{(5;23),(5;9)}-{(0;12),(4;5)}-{(1;0),(17;14)}-{(6;22),(28;16)}-{(14;3),(9;16)}-{(19;3),(20;16)}-{(5;5),(0;16)}-{(9;9),(10;26)}-{(25;6),(8;27)}-{(17;1),(16;29)}-{(16;20),(19;12)}-{(26;5),(5;21)}-{(25;18),(5;0)}-{(2;9),(2;23)}-{(29;20),(16;27)}
