2-Dimensional Region Based Bike Env Seed 3 generated at 2021-09-23 13:23:29.575659
3,100,50,50
['(10;19)', '(9;20)', '(12;23)', '(22;29)', '(14;11)', '(17;0)', '(16;17)', '(26;14)', '(23;19)', '(24;18)', '(27;24)', '(19;29)', '(18;26)', '(28;29)', '(23;28)', '(24;11)', '(24;24)', '(3;25)', '(0;9)', '(24;15)', '(27;28)', '(10;23)', '(14;27)', '(23;23)', '(16;22)', '(2;24)', '(21;17)', '(10;8)', '(16;5)', '(11;17)', '(24;19)', '(21;29)', '(26;4)', '(12;20)', '(28;29)', '(9;3)', '(2;17)', '(24;23)', '(21;2)', '(19;2)', '(28;9)', '(3;26)', '(0;14)', '(9;25)', '(5;28)', '(6;22)', '(12;27)', '(6;13)', '(22;1)', '(15;6)']
Hour: 0: {(18;19),(20;12)}-{(6;2),(15;5)}-{(17;4),(13;0)}-{(16;16),(19;1)}-{(7;25),(7;21)}-{(9;15),(15;28)}-{(17;21),(22;28)}-{(9;16),(16;29)}-{(10;19),(12;19)}-{(15;14),(17;22)}-{(25;10),(11;4)}-{(28;25),(24;0)}-{(26;14),(23;23)}-{(17;18),(21;6)}-{(22;7),(17;1)}-{(22;13),(10;14)}-{(8;11),(26;2)}-{(0;11),(15;15)}-{(23;12),(21;4)}-{(18;23),(13;3)}-{(9;26),(24;11)}
Hour: 1: {(12;1),(22;21)}-{(11;16),(15;26)}-{(9;28),(14;5)}-{(24;6),(16;20)}-{(21;28),(25;21)}-{(2;9),(17;29)}-{(5;10),(14;19)}-{(26;17),(13;17)}-{(9;5),(2;26)}-{(16;10),(11;12)}-{(6;18),(3;0)}-{(16;3),(5;18)}-{(13;19),(10;6)}-{(3;8),(5;7)}-{(9;3),(15;1)}-{(29;16),(5;10)}-{(22;7),(21;0)}-{(24;12),(12;13)}-{(4;28),(11;18)}-{(10;10),(23;25)}-{(8;10),(28;12)}-{(5;0),(11;12)}-{(14;27),(18;12)}-{(28;15),(2;26)}-{(5;11),(7;25)}-{(24;22),(15;0)}-{(9;28),(14;29)}-{(22;26),(25;22)}-{(10;8),(12;4)}-{(18;12),(9;23)}-{(7;14),(14;15)}-{(9;12),(11;28)}
Hour: 2: {(17;1),(12;26)}-{(10;5),(23;10)}-{(0;8),(29;8)}-{(25;23),(6;26)}-{(23;27),(2;0)}-{(23;14),(4;7)}-{(27;8),(26;12)}-{(11;0),(8;6)}-{(15;20),(6;29)}-{(14;19),(9;20)}-{(13;27),(12;28)}-{(2;27),(25;0)}-{(1;20),(25;5)}-{(2;4),(18;22)}-{(7;27),(19;7)}-{(0;26),(0;12)}-{(25;8),(13;7)}-{(10;21),(5;14)}-{(10;6),(29;21)}-{(19;15),(15;13)}-{(9;10),(11;8)}-{(25;28),(17;13)}-{(9;7),(11;16)}
Hour: 3: {(24;15),(0;12)}-{(22;13),(6;3)}-{(1;28),(7;11)}-{(6;11),(7;5)}-{(25;2),(20;17)}-{(16;3),(29;25)}-{(21;10),(26;2)}-{(17;28),(25;27)}-{(9;0),(2;20)}-{(18;25),(21;9)}-{(23;26),(21;8)}-{(6;14),(1;0)}-{(16;4),(15;24)}-{(15;14),(0;12)}-{(17;5),(7;8)}-{(19;27),(15;2)}-{(6;29),(12;7)}-{(3;13),(7;23)}-{(23;8),(20;6)}-{(21;0),(26;10)}-{(1;27),(5;8)}-{(15;18),(1;4)}-{(3;12),(18;2)}-{(25;11),(25;9)}-{(11;26),(22;21)}-{(27;4),(3;2)}-{(15;29),(16;21)}-{(23;8),(12;11)}-{(7;28),(20;5)}-{(15;1),(19;3)}-{(29;9),(14;15)}-{(25;7),(5;7)}-{(16;24),(7;20)}-{(11;17),(20;7)}-{(3;21),(2;23)}-{(19;4),(9;15)}-{(11;9),(20;9)}-{(7;22),(8;19)}-{(1;21),(27;3)}-{(16;20),(15;25)}-{(18;16),(19;3)}-{(14;15),(14;2)}-{(2;0),(6;3)}-{(24;4),(23;11)}-{(3;27),(14;15)}-{(13;2),(12;8)}
Hour: 4: {(2;1),(6;28)}-{(4;10),(1;21)}-{(24;18),(22;24)}-{(20;23),(10;26)}
Hour: 5: {(5;9),(1;3)}-{(8;8),(22;6)}-{(25;10),(24;6)}-{(15;29),(18;8)}-{(15;10),(22;22)}-{(9;26),(25;18)}-{(25;17),(24;17)}-{(6;28),(1;29)}-{(28;21),(23;14)}-{(28;6),(12;13)}-{(0;22),(1;19)}-{(19;21),(12;2)}-{(13;14),(15;6)}-{(14;11),(4;25)}-{(5;19),(24;21)}-{(11;4),(8;14)}-{(27;22),(10;10)}-{(17;20),(13;21)}-{(11;21),(4;5)}-{(14;27),(24;22)}
Hour: 6: {(7;3),(16;9)}-{(22;0),(28;1)}-{(20;18),(24;17)}-{(12;22),(4;22)}-{(19;16),(15;3)}-{(4;20),(2;12)}-{(17;7),(12;3)}-{(1;28),(9;21)}-{(23;25),(18;9)}-{(20;17),(8;20)}-{(4;12),(0;18)}-{(15;8),(21;15)}-{(7;7),(13;18)}-{(24;13),(26;10)}-{(2;16),(21;11)}-{(29;21),(3;17)}-{(23;0),(2;20)}-{(16;25),(13;20)}-{(7;20),(10;8)}-{(29;4),(1;2)}-{(2;9),(24;14)}-{(1;13),(24;15)}-{(6;5),(16;2)}-{(7;18),(7;1)}-{(3;16),(21;26)}-{(19;9),(1;18)}-{(29;27),(14;5)}-{(22;22),(23;21)}-{(18;8),(12;5)}-{(23;20),(23;9)}-{(20;1),(15;5)}
Hour: 7: {(10;5),(16;24)}-{(20;29),(1;2)}-{(23;15),(10;14)}-{(15;12),(1;7)}
Hour: 8: {(12;10),(3;20)}-{(17;11),(14;27)}-{(25;1),(20;13)}-{(25;23),(26;6)}-{(10;15),(11;9)}-{(0;20),(0;15)}-{(28;2),(9;20)}-{(3;7),(1;13)}-{(5;7),(1;27)}-{(20;9),(3;15)}-{(25;26),(17;0)}-{(21;10),(14;22)}-{(18;11),(15;5)}-{(3;6),(11;27)}-{(10;7),(24;15)}-{(15;9),(10;2)}-{(0;12),(19;1)}-{(23;1),(22;9)}-{(1;22),(11;26)}-{(28;24),(28;28)}-{(10;18),(7;25)}-{(9;17),(1;5)}-{(17;0),(28;1)}-{(15;23),(8;9)}-{(29;10),(19;12)}-{(8;28),(22;20)}-{(12;19),(15;25)}-{(15;3),(5;21)}-{(0;15),(1;5)}-{(9;2),(14;12)}-{(2;23),(24;22)}-{(12;1),(0;0)}-{(13;20),(28;25)}-{(7;14),(28;13)}-{(4;25),(25;0)}-{(18;21),(2;3)}-{(14;28),(14;12)}-{(25;7),(16;4)}-{(12;4),(22;24)}-{(12;19),(6;20)}-{(21;24),(15;22)}-{(3;7),(21;28)}-{(9;15),(11;21)}-{(15;19),(7;27)}-{(19;13),(22;8)}-{(26;15),(19;25)}-{(15;20),(27;6)}
Hour: 9: {(19;23),(5;15)}-{(19;21),(5;0)}-{(14;28),(15;21)}-{(26;28),(24;6)}-{(8;5),(17;24)}-{(23;17),(1;1)}-{(6;21),(26;26)}-{(25;2),(8;11)}-{(17;13),(2;14)}-{(24;7),(4;20)}-{(27;13),(8;19)}-{(1;5),(29;20)}-{(18;29),(19;14)}-{(13;25),(18;1)}-{(8;10),(7;6)}-{(6;23),(4;27)}-{(16;17),(29;2)}-{(4;18),(4;29)}-{(27;8),(23;9)}-{(27;13),(1;28)}-{(23;24),(26;21)}-{(6;23),(13;28)}-{(18;28),(14;24)}-{(4;18),(15;13)}-{(4;2),(6;5)}-{(13;20),(22;7)}-{(22;3),(3;11)}
Hour: 10: {(14;22),(2;11)}-{(17;4),(22;11)}-{(14;13),(11;27)}-{(29;0),(12;7)}-{(10;25),(10;7)}-{(25;17),(5;14)}-{(4;3),(23;0)}-{(16;19),(20;12)}-{(0;23),(17;8)}-{(2;10),(4;9)}-{(9;1),(4;0)}-{(3;4),(22;0)}-{(5;2),(9;29)}-{(8;22),(13;17)}-{(16;29),(29;16)}-{(20;27),(9;11)}-{(11;0),(13;3)}-{(18;26),(15;23)}-{(14;22),(18;24)}-{(28;14),(11;12)}-{(18;9),(27;5)}-{(14;11),(6;29)}-{(11;28),(26;0)}-{(19;2),(26;17)}-{(17;21),(11;16)}-{(0;10),(26;19)}-{(12;15),(12;3)}-{(10;29),(26;16)}-{(8;22),(0;17)}-{(26;3),(29;25)}-{(19;24),(2;27)}-{(13;11),(12;14)}-{(24;7),(0;26)}-{(29;20),(7;4)}-{(10;10),(26;5)}-{(24;9),(4;24)}-{(28;21),(16;0)}-{(8;7),(12;0)}-{(1;18),(12;5)}-{(6;5),(16;3)}-{(14;22),(11;22)}-{(9;14),(23;20)}-{(17;18),(3;28)}-{(1;27),(12;6)}-{(25;6),(19;15)}-{(21;24),(3;1)}-{(21;11),(0;1)}-{(26;27),(12;18)}-{(10;25),(1;4)}-{(25;8),(16;26)}
Hour: 11: {(23;14),(28;7)}-{(24;6),(9;16)}-{(28;10),(11;29)}-{(13;7),(12;15)}-{(22;1),(2;13)}-{(17;28),(14;11)}-{(10;18),(25;1)}-{(24;22),(17;24)}-{(10;25),(21;18)}-{(17;19),(25;24)}-{(16;1),(15;17)}-{(28;4),(7;29)}-{(14;23),(21;5)}-{(13;6),(4;25)}-{(29;1),(25;22)}-{(19;5),(19;10)}-{(13;11),(22;11)}-{(1;17),(9;21)}-{(28;18),(8;13)}-{(13;17),(10;6)}-{(24;11),(29;16)}-{(28;21),(17;16)}-{(11;21),(23;24)}-{(20;24),(6;29)}-{(2;16),(7;8)}-{(28;20),(24;24)}-{(22;0),(28;28)}-{(18;29),(7;19)}-{(6;2),(2;2)}-{(14;29),(29;4)}-{(20;17),(19;27)}-{(12;9),(23;20)}-{(6;18),(19;4)}-{(26;9),(14;17)}-{(15;18),(8;8)}-{(12;6),(9;16)}-{(18;19),(16;22)}-{(19;27),(0;15)}-{(29;26),(21;8)}-{(27;22),(10;1)}-{(20;18),(20;19)}-{(6;13),(23;17)}-{(14;24),(19;20)}-{(23;22),(15;22)}-{(10;11),(5;1)}-{(19;29),(18;4)}-{(7;10),(16;26)}-{(22;16),(14;0)}
