2-Dimensional Region Based Bike Env Seed 4 generated at 2021-09-23 13:30:37.183617
3,50,50,50
['(11;25)', '(13;4)', '(15;1)', '(4;7)', '(15;7)', '(8;20)', '(12;0)', '(13;18)', '(24;20)', '(20;3)', '(13;22)', '(7;17)', '(9;10)', '(19;14)', '(4;14)', '(23;17)', '(21;15)', '(15;29)', '(4;6)', '(1;2)', '(16;0)', '(1;28)', '(4;15)', '(14;13)', '(29;4)', '(1;17)', '(19;11)', '(25;24)', '(3;10)', '(7;7)', '(10;28)', '(3;4)', '(12;13)', '(8;10)', '(24;8)', '(7;26)', '(15;23)', '(24;14)', '(11;13)', '(18;27)', '(26;26)', '(9;25)', '(18;22)', '(5;8)', '(14;17)', '(5;14)', '(0;15)', '(11;27)', '(17;16)', '(12;12)']
Hour: 0: {(6;25),(17;9)}-{(22;14),(2;29)}-{(1;16),(2;0)}-{(3;25),(11;15)}-{(12;0),(1;4)}-{(17;21),(15;2)}-{(2;6),(2;1)}-{(15;24),(5;10)}-{(26;24),(2;5)}-{(15;28),(0;4)}-{(15;10),(21;27)}-{(29;5),(9;10)}-{(19;11),(6;8)}-{(29;29),(17;15)}-{(9;28),(20;6)}-{(0;29),(9;25)}-{(29;3),(10;24)}-{(25;26),(16;17)}-{(8;20),(27;12)}-{(18;23),(23;10)}-{(5;21),(3;28)}-{(29;21),(24;6)}-{(14;21),(29;7)}-{(28;24),(14;18)}-{(11;6),(20;19)}-{(10;5),(22;24)}-{(12;27),(20;5)}-{(9;26),(20;15)}-{(21;21),(14;11)}-{(29;24),(14;26)}-{(5;23),(25;9)}-{(7;8),(12;26)}-{(27;10),(15;15)}-{(6;21),(17;2)}
Hour: 1: {(27;14),(0;17)}-{(19;6),(20;7)}-{(25;3),(13;10)}-{(6;29),(28;8)}-{(6;17),(28;5)}-{(19;21),(12;23)}-{(20;17),(19;7)}-{(23;29),(2;5)}-{(7;14),(15;11)}-{(11;0),(20;3)}-{(8;4),(2;27)}-{(7;18),(21;0)}
Hour: 2: {(15;1),(27;24)}-{(5;16),(28;22)}-{(13;23),(6;9)}-{(0;15),(3;10)}-{(20;24),(18;28)}-{(22;26),(9;4)}-{(17;0),(6;1)}-{(21;28),(12;20)}-{(18;23),(4;21)}-{(19;24),(5;9)}-{(22;20),(12;22)}-{(14;1),(26;20)}-{(22;1),(24;7)}-{(27;27),(3;18)}-{(21;6),(10;6)}-{(12;9),(22;20)}-{(14;13),(7;5)}-{(10;26),(3;10)}-{(7;9),(3;1)}-{(4;5),(17;27)}-{(5;20),(11;21)}-{(15;20),(15;10)}-{(0;3),(19;22)}-{(17;18),(0;3)}-{(3;21),(0;5)}-{(8;19),(6;1)}-{(28;18),(1;0)}-{(21;16),(22;8)}-{(3;1),(22;25)}-{(17;23),(19;11)}
Hour: 3: {(21;2),(5;27)}-{(17;0),(1;20)}-{(18;12),(17;27)}-{(21;0),(0;7)}-{(16;14),(4;11)}-{(15;20),(11;24)}-{(29;2),(26;9)}-{(24;13),(15;20)}-{(14;1),(1;2)}-{(26;29),(19;26)}-{(26;8),(7;13)}-{(9;29),(23;28)}-{(4;16),(21;24)}-{(29;25),(5;29)}-{(9;3),(21;22)}-{(20;19),(29;14)}-{(25;20),(20;20)}-{(14;15),(13;9)}-{(17;4),(17;24)}-{(5;11),(9;25)}-{(4;27),(8;14)}-{(19;4),(14;17)}-{(20;16),(16;26)}-{(5;20),(10;5)}-{(7;15),(16;1)}-{(2;11),(17;0)}-{(9;1),(9;23)}-{(14;12),(5;26)}-{(9;23),(25;21)}-{(23;15),(3;8)}
Hour: 4: {(2;28),(24;4)}-{(13;23),(29;10)}-{(8;15),(8;8)}-{(12;28),(16;3)}-{(15;22),(4;5)}-{(17;4),(10;23)}-{(21;22),(10;20)}-{(8;4),(13;29)}-{(14;26),(9;23)}-{(4;5),(16;0)}-{(7;8),(28;17)}-{(25;4),(7;10)}
Hour: 5: {(16;13),(18;23)}-{(2;27),(24;27)}-{(8;28),(21;17)}-{(21;8),(9;12)}-{(10;27),(17;21)}-{(9;25),(23;10)}-{(11;15),(5;15)}-{(18;15),(20;13)}-{(8;29),(18;24)}-{(3;25),(19;28)}-{(18;6),(29;20)}-{(10;28),(15;6)}-{(6;27),(17;14)}-{(8;13),(13;6)}-{(5;9),(25;8)}-{(25;18),(13;11)}-{(24;1),(3;9)}-{(10;1),(21;4)}-{(12;20),(18;21)}-{(10;24),(7;3)}-{(6;18),(24;19)}-{(21;0),(9;28)}-{(18;20),(10;3)}-{(12;9),(9;26)}-{(9;26),(16;22)}-{(28;7),(27;17)}-{(10;9),(25;19)}-{(23;21),(27;23)}-{(25;3),(27;4)}-{(10;0),(1;26)}-{(5;14),(9;12)}
Hour: 6: {(13;15),(26;29)}-{(8;23),(21;17)}-{(11;22),(1;4)}-{(8;21),(13;10)}-{(1;16),(27;26)}-{(16;17),(3;12)}-{(6;23),(7;21)}-{(15;13),(28;17)}-{(28;9),(0;9)}-{(25;1),(18;25)}-{(0;17),(29;27)}-{(20;4),(21;9)}-{(3;11),(20;28)}-{(29;7),(6;19)}-{(12;7),(4;8)}-{(10;0),(19;26)}-{(28;26),(22;13)}-{(22;5),(25;26)}-{(28;18),(7;17)}-{(28;15),(1;12)}-{(1;2),(29;23)}-{(16;25),(12;14)}-{(12;0),(10;20)}-{(10;21),(23;27)}-{(13;14),(4;6)}
Hour: 7: {(14;24),(0;12)}-{(11;2),(3;5)}-{(8;19),(23;11)}-{(28;10),(23;25)}-{(19;20),(16;11)}-{(8;20),(8;10)}-{(2;1),(24;12)}-{(10;15),(2;22)}-{(5;10),(13;13)}-{(16;4),(2;15)}-{(12;11),(14;16)}-{(28;1),(15;10)}-{(25;13),(22;2)}-{(6;28),(23;9)}-{(3;10),(19;6)}-{(22;21),(16;8)}-{(22;21),(22;17)}-{(7;27),(14;23)}-{(16;15),(27;8)}-{(3;10),(7;23)}-{(21;13),(4;26)}-{(21;28),(10;4)}-{(21;17),(17;29)}-{(15;26),(20;5)}-{(5;21),(26;20)}-{(3;17),(16;21)}-{(14;17),(14;24)}-{(6;4),(18;18)}-{(22;20),(9;18)}-{(1;5),(13;24)}-{(20;15),(21;6)}-{(9;9),(7;28)}-{(26;4),(29;21)}-{(13;7),(24;2)}-{(21;19),(14;29)}-{(2;21),(14;20)}-{(9;21),(15;9)}-{(6;17),(10;26)}-{(19;7),(5;21)}-{(21;15),(6;4)}-{(15;27),(22;20)}
Hour: 8: {(19;4),(26;4)}-{(6;20),(2;26)}-{(9;5),(24;17)}-{(26;4),(11;9)}-{(19;10),(17;26)}-{(29;6),(29;5)}-{(11;21),(9;20)}-{(4;29),(2;21)}-{(10;16),(1;7)}-{(24;23),(17;1)}-{(25;17),(1;19)}-{(6;11),(5;0)}-{(23;28),(5;2)}-{(20;11),(16;18)}-{(3;20),(29;0)}-{(0;11),(12;20)}-{(5;13),(24;26)}-{(14;11),(0;16)}-{(23;19),(21;17)}-{(29;13),(12;0)}-{(2;2),(24;11)}-{(15;19),(19;2)}-{(10;12),(15;6)}-{(6;8),(0;3)}-{(20;6),(1;27)}-{(9;25),(15;5)}-{(7;2),(0;4)}-{(16;20),(5;3)}-{(29;24),(14;15)}-{(13;25),(14;7)}-{(4;10),(29;1)}-{(26;21),(1;18)}-{(9;19),(10;5)}-{(2;24),(22;7)}-{(18;9),(22;12)}-{(12;19),(28;12)}-{(27;19),(20;15)}-{(28;19),(10;2)}-{(8;22),(0;3)}-{(18;26),(13;9)}-{(5;29),(7;17)}-{(11;18),(26;19)}-{(18;1),(13;28)}-{(23;9),(2;28)}-{(27;10),(29;16)}-{(1;7),(17;7)}-{(28;7),(12;27)}-{(14;1),(20;3)}-{(7;14),(10;20)}-{(1;22),(8;23)}
Hour: 9: {(13;16),(18;17)}-{(5;20),(25;21)}-{(8;1),(3;6)}-{(10;22),(20;28)}-{(21;12),(16;0)}-{(10;18),(20;10)}-{(6;0),(10;15)}-{(29;12),(23;27)}-{(23;18),(26;1)}-{(27;4),(25;8)}-{(7;26),(17;0)}-{(20;10),(26;6)}-{(18;5),(16;18)}-{(7;29),(0;22)}-{(4;6),(21;23)}-{(17;14),(28;19)}-{(8;6),(29;23)}-{(11;10),(14;19)}-{(11;26),(1;19)}-{(11;4),(22;29)}-{(12;15),(13;17)}-{(6;22),(25;11)}
Hour: 10: {(28;26),(21;16)}-{(9;26),(15;12)}-{(29;9),(8;2)}-{(11;6),(29;9)}-{(9;6),(25;17)}-{(25;17),(16;14)}-{(25;9),(8;16)}-{(16;0),(20;8)}-{(17;22),(15;3)}-{(26;22),(19;9)}-{(10;0),(4;19)}-{(0;27),(4;28)}-{(10;22),(21;18)}-{(14;3),(19;7)}-{(29;1),(13;11)}-{(18;1),(13;16)}-{(7;11),(11;2)}-{(14;9),(5;0)}-{(9;11),(17;25)}-{(17;2),(28;1)}-{(13;5),(16;11)}-{(21;19),(20;8)}-{(29;24),(1;14)}-{(9;29),(18;3)}-{(24;24),(26;12)}-{(19;12),(5;15)}-{(10;11),(3;11)}-{(7;4),(13;20)}-{(17;2),(9;28)}-{(10;22),(14;19)}-{(15;26),(22;10)}-{(1;18),(9;27)}-{(11;7),(17;27)}-{(20;19),(19;27)}-{(10;14),(8;15)}-{(12;1),(16;15)}-{(2;2),(18;13)}-{(17;19),(18;23)}-{(7;20),(19;18)}-{(15;18),(4;8)}-{(9;29),(17;26)}-{(2;8),(17;14)}-{(22;5),(24;27)}-{(11;23),(2;9)}-{(22;17),(12;27)}-{(13;29),(28;18)}-{(16;16),(6;17)}
Hour: 11: {(17;18),(3;15)}-{(11;22),(20;6)}-{(11;10),(4;22)}-{(4;21),(4;15)}-{(23;25),(0;18)}-{(4;15),(20;22)}-{(28;13),(25;19)}-{(18;3),(29;3)}-{(19;23),(13;9)}-{(1;17),(23;26)}-{(11;28),(8;8)}-{(9;23),(8;1)}-{(10;2),(14;11)}-{(25;14),(21;22)}-{(18;0),(3;26)}-{(12;16),(10;24)}-{(15;29),(16;11)}-{(19;20),(8;20)}-{(4;7),(20;18)}-{(11;15),(23;23)}-{(6;11),(6;27)}-{(25;8),(4;25)}-{(7;23),(7;23)}-{(25;26),(29;22)}-{(6;26),(24;1)}-{(0;6),(5;21)}-{(6;21),(2;28)}-{(0;4),(0;4)}-{(4;24),(18;25)}-{(29;28),(9;7)}-{(13;7),(7;1)}-{(2;1),(12;5)}
