2-Dimensional Region Based Bike Env Seed 5 generated at 2021-09-23 13:30:41.962439
3,50,50,50
['(5;0)', '(28;26)', '(22;22)', '(0;25)', '(11;14)', '(15;14)', '(24;22)', '(3;18)', '(29;24)', '(5;9)', '(15;15)', '(17;20)', '(8;21)', '(5;1)', '(21;8)', '(13;20)', '(25;15)', '(2;14)', '(15;6)', '(2;21)', '(24;29)', '(15;7)', '(5;4)', '(7;11)', '(0;7)', '(11;20)', '(26;2)', '(25;14)', '(29;24)', '(23;6)', '(2;28)', '(22;21)', '(26;12)', '(4;8)', '(14;4)', '(27;23)', '(12;6)', '(5;18)', '(5;4)', '(7;15)', '(11;11)', '(12;25)', '(9;22)', '(22;4)', '(27;13)', '(19;16)', '(17;29)', '(10;25)', '(7;6)', '(3;7)']
Hour: 0: {(5;2),(6;6)}-{(22;0),(9;8)}-{(16;10),(21;15)}-{(0;14),(20;8)}-{(19;19),(8;17)}-{(20;28),(10;25)}-{(4;7),(3;7)}-{(26;18),(16;2)}-{(5;28),(26;21)}-{(20;0),(7;4)}-{(13;21),(12;25)}-{(5;9),(14;10)}-{(20;6),(25;11)}-{(23;9),(16;0)}-{(26;28),(17;11)}-{(0;14),(29;0)}-{(18;27),(15;9)}
Hour: 1: {(0;24),(23;0)}-{(1;13),(14;13)}-{(19;29),(20;15)}-{(25;15),(3;9)}-{(24;14),(10;28)}-{(19;1),(27;21)}-{(17;17),(29;16)}-{(19;25),(8;24)}-{(28;23),(25;11)}-{(17;5),(23;2)}
Hour: 2: {(21;11),(5;5)}-{(16;5),(4;7)}-{(27;10),(20;4)}-{(3;5),(18;23)}-{(19;14),(3;11)}-{(13;29),(7;6)}-{(1;26),(26;12)}-{(2;26),(15;3)}-{(8;2),(18;16)}-{(24;28),(24;14)}-{(21;6),(9;21)}-{(16;27),(2;8)}-{(7;12),(21;1)}-{(20;19),(14;22)}-{(22;12),(23;22)}-{(7;3),(12;20)}-{(23;14),(29;19)}-{(6;19),(24;13)}-{(8;2),(14;12)}-{(16;5),(3;6)}-{(21;2),(28;18)}-{(10;13),(22;24)}-{(23;28),(28;28)}-{(10;21),(5;27)}-{(7;17),(26;23)}-{(28;9),(20;22)}-{(14;14),(11;3)}
Hour: 3: {(24;13),(10;5)}-{(9;11),(17;6)}-{(17;8),(11;24)}-{(8;4),(17;21)}-{(24;15),(20;5)}-{(5;17),(16;28)}-{(16;20),(23;7)}-{(29;6),(19;20)}-{(20;23),(5;27)}-{(13;29),(14;29)}-{(7;8),(17;24)}-{(5;4),(3;27)}-{(25;0),(14;3)}-{(19;0),(8;20)}-{(17;10),(25;27)}-{(2;12),(29;20)}-{(17;9),(27;12)}-{(2;20),(16;4)}-{(25;1),(13;10)}-{(19;28),(16;16)}-{(16;6),(25;9)}-{(1;14),(25;3)}-{(18;20),(10;26)}-{(0;27),(19;0)}-{(4;12),(22;4)}-{(10;15),(17;26)}-{(5;20),(13;28)}-{(17;21),(12;29)}-{(0;2),(29;9)}-{(8;14),(6;12)}-{(11;26),(4;25)}-{(29;22),(26;14)}-{(11;3),(11;21)}-{(21;24),(16;25)}-{(7;7),(25;1)}-{(8;25),(18;22)}-{(17;29),(8;20)}-{(13;11),(21;4)}-{(12;25),(22;11)}-{(27;7),(4;24)}-{(24;25),(15;4)}-{(23;12),(24;3)}-{(15;11),(18;11)}-{(27;10),(8;27)}-{(25;3),(23;17)}-{(19;20),(8;12)}-{(1;19),(26;12)}-{(27;5),(13;21)}
Hour: 4: {(20;25),(16;1)}-{(16;28),(5;26)}-{(23;16),(2;20)}-{(29;6),(29;12)}-{(20;6),(26;29)}-{(9;11),(22;1)}-{(26;11),(3;27)}-{(15;14),(26;5)}-{(24;27),(21;9)}-{(19;21),(14;6)}-{(6;3),(18;25)}-{(16;15),(13;6)}-{(0;16),(12;16)}-{(28;18),(12;21)}-{(7;11),(23;21)}-{(18;23),(23;1)}-{(13;12),(25;1)}-{(10;6),(9;17)}-{(25;12),(7;3)}-{(1;12),(21;20)}-{(13;6),(3;12)}-{(6;24),(13;28)}-{(19;2),(4;20)}-{(14;27),(6;23)}-{(20;17),(8;19)}-{(15;25),(15;10)}-{(19;10),(15;6)}-{(13;14),(6;15)}-{(27;6),(10;22)}-{(13;15),(29;22)}-{(10;21),(25;25)}
Hour: 5: {(12;16),(15;6)}-{(19;24),(3;4)}-{(19;13),(2;11)}-{(27;7),(15;1)}-{(7;6),(10;16)}-{(11;9),(24;13)}-{(19;28),(9;16)}-{(22;3),(23;7)}-{(11;13),(13;25)}-{(3;15),(0;11)}-{(12;18),(6;16)}-{(15;4),(18;4)}-{(2;22),(9;0)}-{(14;28),(23;7)}-{(11;17),(9;15)}-{(25;2),(11;9)}-{(0;3),(19;29)}-{(12;21),(26;17)}-{(21;24),(13;15)}-{(27;6),(22;8)}-{(10;4),(0;12)}-{(25;4),(19;16)}-{(21;26),(9;7)}-{(22;13),(3;23)}-{(13;28),(8;1)}-{(1;14),(24;0)}-{(27;13),(23;24)}-{(15;8),(19;28)}-{(8;28),(15;3)}-{(20;5),(27;1)}-{(2;0),(4;18)}-{(5;1),(19;14)}-{(28;15),(22;12)}-{(9;4),(10;29)}-{(21;9),(18;12)}-{(11;17),(10;3)}-{(15;14),(8;28)}-{(20;1),(28;20)}-{(3;18),(26;6)}-{(8;24),(2;20)}
Hour: 6: {(0;29),(29;25)}-{(21;8),(5;10)}-{(23;18),(16;24)}-{(24;15),(26;7)}-{(21;29),(28;26)}-{(11;7),(6;29)}-{(23;4),(20;12)}-{(29;7),(8;23)}-{(22;1),(11;22)}-{(19;11),(28;25)}-{(6;17),(2;8)}-{(6;6),(2;16)}-{(13;7),(2;15)}-{(7;27),(9;22)}-{(19;22),(10;6)}-{(22;2),(16;18)}-{(17;25),(2;10)}-{(10;0),(13;12)}-{(3;17),(29;9)}-{(17;24),(12;19)}-{(18;14),(26;24)}-{(8;8),(12;0)}-{(0;20),(4;20)}-{(3;27),(25;26)}-{(7;28),(17;6)}-{(24;17),(19;2)}-{(18;1),(23;25)}-{(26;3),(8;2)}
Hour: 7: {(1;26),(19;4)}-{(6;3),(16;5)}-{(28;8),(11;26)}-{(19;16),(5;2)}-{(15;11),(24;1)}-{(29;22),(14;3)}-{(9;14),(3;11)}-{(27;29),(24;5)}-{(26;5),(28;20)}-{(21;22),(18;11)}-{(10;8),(12;29)}-{(15;10),(22;24)}-{(4;0),(6;28)}-{(27;15),(27;3)}-{(25;23),(7;5)}-{(21;25),(25;23)}-{(22;3),(28;0)}-{(19;9),(2;12)}-{(4;8),(20;20)}-{(9;6),(24;16)}-{(5;19),(21;1)}-{(7;16),(23;5)}-{(2;19),(24;16)}-{(24;19),(29;26)}-{(28;12),(19;27)}-{(2;27),(2;22)}-{(4;14),(3;20)}-{(8;9),(18;17)}-{(16;17),(20;25)}-{(26;3),(6;13)}-{(9;16),(21;0)}-{(17;21),(23;6)}-{(7;29),(22;15)}
Hour: 8: {(9;22),(20;9)}-{(28;26),(25;29)}-{(15;8),(17;23)}-{(3;13),(5;3)}-{(14;18),(28;6)}-{(0;22),(5;0)}-{(20;26),(29;7)}-{(27;13),(8;4)}-{(27;7),(4;11)}-{(24;3),(6;27)}-{(18;28),(27;27)}-{(8;11),(8;6)}-{(25;8),(4;29)}-{(16;22),(20;3)}-{(1;4),(26;13)}-{(5;8),(25;9)}-{(6;23),(3;25)}-{(10;27),(11;4)}-{(12;24),(13;17)}-{(19;13),(12;12)}-{(7;6),(3;10)}-{(11;27),(18;19)}-{(1;19),(4;3)}-{(7;17),(1;8)}-{(13;29),(19;9)}-{(17;17),(3;10)}-{(18;24),(28;7)}-{(22;24),(14;28)}-{(14;19),(11;21)}-{(7;9),(6;12)}
Hour: 9: {(26;21),(3;0)}-{(13;16),(9;10)}-{(10;25),(14;11)}-{(0;26),(2;5)}-{(24;19),(11;8)}-{(2;26),(22;8)}-{(19;16),(21;15)}-{(15;5),(3;8)}-{(8;16),(4;18)}-{(12;26),(1;0)}-{(2;2),(19;4)}-{(2;9),(19;1)}-{(0;22),(9;4)}-{(17;12),(14;12)}-{(24;9),(12;2)}-{(15;23),(17;10)}-{(25;22),(9;1)}-{(24;8),(1;12)}-{(13;19),(28;20)}-{(29;1),(5;10)}-{(22;18),(24;29)}-{(24;21),(7;13)}-{(12;29),(27;23)}-{(2;17),(13;19)}-{(9;20),(7;18)}-{(17;18),(8;4)}-{(29;1),(7;25)}-{(15;11),(23;11)}-{(25;5),(23;26)}-{(27;9),(25;4)}-{(20;8),(17;29)}-{(13;22),(17;26)}-{(24;1),(7;21)}-{(11;4),(22;26)}-{(22;26),(7;18)}-{(28;12),(22;7)}
Hour: 10: {(23;28),(6;8)}-{(0;12),(29;8)}-{(16;15),(4;28)}-{(22;20),(10;19)}-{(23;0),(0;24)}-{(2;6),(13;18)}-{(27;17),(3;27)}-{(9;27),(8;7)}-{(9;3),(14;19)}-{(16;20),(28;3)}-{(22;2),(18;3)}-{(29;2),(5;21)}-{(29;6),(17;25)}-{(7;0),(8;27)}-{(20;18),(7;21)}-{(26;8),(15;3)}-{(1;23),(29;18)}-{(13;17),(18;20)}
Hour: 11: {(8;23),(10;25)}-{(23;19),(8;7)}-{(3;0),(16;6)}-{(14;24),(8;0)}-{(25;7),(7;15)}-{(9;17),(9;9)}-{(18;12),(18;10)}-{(25;3),(28;19)}-{(16;12),(18;13)}-{(20;5),(0;17)}-{(24;18),(22;22)}-{(18;13),(16;15)}-{(11;11),(6;13)}-{(26;24),(19;7)}-{(0;17),(22;0)}-{(9;2),(24;2)}-{(2;23),(25;18)}-{(21;6),(23;6)}-{(19;20),(16;19)}-{(9;18),(14;0)}-{(23;22),(29;2)}-{(20;24),(29;26)}-{(16;15),(16;22)}-{(2;12),(0;5)}-{(2;10),(4;19)}-{(13;14),(22;8)}-{(17;27),(20;19)}-{(27;17),(2;16)}-{(12;5),(7;14)}-{(2;5),(20;20)}-{(17;8),(12;29)}-{(22;11),(9;2)}-{(4;2),(18;18)}-{(15;22),(1;22)}-{(13;0),(14;28)}-{(2;18),(22;1)}-{(4;5),(7;26)}-{(4;9),(15;5)}-{(3;20),(28;25)}-{(5;24),(2;22)}-{(16;10),(20;27)}-{(11;22),(0;20)}
