2-Dimensional Region Based Bike Env Seed 6 generated at 2021-09-23 13:33:57.454883
5,100,50,50
['(41;38)', '(25;19)', '(5;47)', '(20;30)', '(42;2)', '(31;26)', '(32;41)', '(3;20)', '(33;41)', '(37;49)', '(10;31)', '(26;45)', '(7;7)', '(48;29)', '(26;18)', '(11;7)', '(24;47)', '(24;45)', '(40;11)', '(17;49)', '(40;32)', '(13;48)', '(45;36)', '(49;16)', '(7;10)', '(4;11)', '(15;7)', '(27;29)', '(47;35)', '(7;18)', '(9;6)', '(36;12)', '(7;40)', '(8;43)', '(21;6)', '(30;13)', '(21;28)', '(10;4)', '(37;35)', '(7;27)', '(3;17)', '(22;3)', '(0;43)', '(17;19)', '(22;33)', '(34;24)', '(32;38)', '(43;7)', '(9;16)', '(46;4)']
Hour: 0: {(9;25),(36;20)}-{(40;41),(31;22)}-{(37;34),(45;25)}-{(46;10),(22;25)}-{(37;4),(14;5)}-{(15;2),(23;19)}-{(28;3),(27;33)}-{(41;49),(14;27)}-{(45;2),(34;24)}-{(6;20),(13;19)}-{(27;2),(12;40)}-{(0;1),(46;15)}-{(0;24),(24;44)}-{(1;2),(1;35)}-{(12;0),(27;12)}-{(27;4),(10;19)}-{(15;46),(20;27)}-{(24;8),(25;20)}-{(43;43),(44;10)}-{(1;18),(8;18)}-{(1;46),(4;17)}-{(9;1),(0;1)}-{(39;22),(48;6)}-{(31;47),(4;14)}-{(44;32),(20;30)}-{(27;8),(28;15)}-{(38;28),(41;0)}-{(8;39),(28;20)}-{(49;19),(48;48)}-{(21;29),(23;42)}-{(5;2),(13;13)}-{(25;9),(11;30)}-{(18;25),(49;33)}-{(5;41),(25;3)}-{(15;15),(34;12)}-{(14;30),(20;25)}-{(40;12),(15;14)}-{(6;34),(18;15)}-{(49;45),(21;49)}-{(22;27),(0;22)}
Hour: 1: {(13;35),(6;45)}-{(7;41),(40;31)}-{(27;35),(8;26)}-{(22;31),(20;3)}-{(30;43),(41;0)}-{(14;13),(33;14)}-{(43;28),(26;0)}-{(29;34),(14;25)}-{(48;23),(41;36)}-{(42;25),(47;16)}-{(9;4),(7;8)}-{(39;40),(35;21)}-{(28;36),(27;6)}-{(18;28),(26;0)}-{(10;32),(13;10)}-{(7;6),(4;6)}-{(37;9),(11;40)}-{(34;41),(43;41)}-{(35;16),(18;2)}-{(37;42),(33;15)}-{(45;16),(38;36)}-{(43;36),(34;30)}-{(38;18),(6;45)}-{(6;6),(32;21)}-{(32;15),(26;3)}-{(6;14),(5;5)}-{(23;22),(43;3)}-{(0;35),(29;46)}-{(3;15),(39;26)}-{(48;33),(6;45)}-{(6;0),(20;7)}-{(32;25),(4;12)}-{(20;33),(41;4)}-{(23;21),(27;33)}-{(32;17),(1;49)}
Hour: 2: {(28;31),(8;44)}-{(29;19),(16;40)}-{(33;46),(47;25)}-{(36;44),(26;44)}-{(34;49),(27;17)}-{(11;28),(9;48)}-{(17;29),(20;31)}-{(45;3),(40;10)}-{(45;27),(28;20)}-{(48;49),(21;37)}-{(36;5),(8;33)}-{(10;41),(43;9)}-{(22;44),(16;24)}-{(6;40),(48;43)}-{(1;30),(47;32)}-{(36;43),(19;23)}-{(40;44),(43;48)}-{(2;44),(39;13)}-{(33;5),(49;29)}-{(43;20),(36;18)}-{(3;45),(17;20)}-{(31;13),(0;23)}-{(8;17),(5;37)}-{(47;1),(20;39)}-{(38;32),(10;34)}-{(8;16),(31;7)}-{(26;19),(47;43)}-{(3;36),(34;7)}-{(27;7),(33;34)}-{(2;18),(8;41)}-{(49;6),(15;35)}-{(4;12),(10;12)}-{(39;29),(12;26)}-{(44;12),(26;23)}-{(44;13),(20;3)}-{(11;23),(6;8)}-{(0;20),(5;15)}-{(13;8),(15;21)}-{(7;34),(46;26)}-{(26;16),(5;49)}-{(9;47),(22;48)}-{(11;17),(2;46)}-{(31;33),(20;30)}-{(1;20),(21;23)}-{(30;17),(32;33)}-{(1;6),(3;7)}-{(48;8),(48;14)}-{(33;39),(29;0)}-{(32;41),(31;33)}-{(47;31),(31;6)}
Hour: 3: {(6;37),(13;2)}-{(43;20),(39;14)}-{(37;27),(34;49)}-{(45;30),(25;23)}-{(18;33),(46;19)}-{(23;21),(37;24)}-{(0;25),(22;28)}-{(12;2),(23;43)}-{(14;36),(4;14)}-{(32;22),(49;32)}-{(38;7),(2;17)}-{(39;0),(8;41)}-{(45;47),(36;3)}-{(1;22),(22;49)}-{(10;34),(9;31)}-{(1;31),(18;33)}-{(46;49),(21;3)}-{(33;5),(19;5)}
Hour: 4: {(16;44),(31;17)}-{(24;44),(7;19)}
Hour: 5: {(34;36),(26;28)}-{(4;4),(32;36)}-{(3;38),(15;37)}
Hour: 6: {(41;28),(11;33)}-{(28;22),(2;20)}-{(16;44),(1;40)}-{(8;26),(8;24)}-{(35;21),(42;25)}-{(4;3),(35;14)}-{(48;40),(35;47)}-{(25;44),(25;49)}-{(22;30),(2;22)}-{(36;49),(41;9)}-{(9;18),(32;49)}-{(39;40),(25;0)}-{(31;39),(8;40)}-{(14;28),(36;15)}-{(14;35),(36;38)}-{(3;16),(20;43)}-{(46;14),(7;13)}-{(48;46),(39;21)}-{(38;45),(0;30)}-{(40;34),(1;29)}-{(3;15),(3;21)}-{(8;8),(25;19)}-{(41;5),(20;1)}-{(26;6),(15;14)}-{(24;16),(46;26)}-{(5;42),(33;4)}
Hour: 7: {(1;1),(18;41)}-{(11;46),(0;23)}-{(6;11),(16;23)}-{(33;47),(16;20)}-{(15;31),(43;22)}-{(42;48),(1;21)}-{(36;38),(29;8)}
Hour: 8: {(45;34),(7;20)}-{(0;46),(8;7)}-{(8;9),(48;29)}-{(15;35),(15;32)}-{(47;38),(49;39)}-{(11;23),(34;37)}-{(10;17),(21;18)}-{(28;27),(45;44)}-{(43;2),(22;48)}-{(35;0),(16;19)}-{(18;17),(40;32)}-{(29;18),(22;10)}-{(44;18),(28;17)}-{(31;39),(7;15)}-{(31;47),(3;23)}-{(23;10),(30;11)}-{(33;23),(41;36)}-{(30;7),(22;15)}-{(26;11),(4;3)}-{(27;16),(38;1)}-{(17;16),(39;12)}-{(0;20),(2;11)}-{(48;42),(49;47)}-{(48;7),(4;42)}-{(11;39),(36;37)}-{(38;39),(37;28)}-{(32;19),(12;38)}-{(35;33),(17;28)}-{(19;37),(43;41)}
Hour: 9: {(31;38),(34;32)}-{(27;15),(47;30)}-{(45;13),(17;23)}-{(28;8),(38;0)}-{(49;18),(8;40)}-{(38;44),(42;2)}-{(2;49),(49;39)}-{(16;5),(38;14)}-{(3;23),(49;11)}-{(16;46),(26;19)}-{(35;19),(18;35)}-{(13;16),(49;16)}-{(41;38),(48;7)}-{(26;18),(45;48)}-{(3;41),(32;21)}-{(13;37),(44;14)}-{(48;39),(6;38)}
Hour: 10: {(43;5),(41;31)}-{(9;10),(9;28)}-{(37;30),(42;31)}-{(16;11),(33;47)}-{(22;25),(30;37)}-{(49;12),(12;30)}-{(7;13),(33;28)}-{(13;15),(26;19)}-{(8;3),(13;8)}-{(29;34),(47;45)}-{(14;48),(7;36)}-{(28;4),(39;33)}-{(29;28),(8;24)}-{(7;9),(24;17)}-{(3;40),(27;9)}-{(24;4),(35;15)}-{(35;5),(28;15)}-{(17;43),(42;5)}-{(23;9),(5;39)}-{(46;36),(11;44)}-{(39;40),(46;37)}-{(12;13),(36;33)}-{(45;28),(12;5)}-{(33;10),(26;25)}-{(49;1),(43;21)}-{(6;34),(12;0)}-{(15;9),(4;32)}-{(1;22),(38;34)}-{(40;0),(37;28)}
Hour: 11: {(17;48),(40;27)}-{(35;14),(39;30)}-{(48;12),(35;15)}-{(40;33),(5;17)}-{(49;21),(5;32)}-{(10;3),(17;41)}-{(3;41),(4;28)}-{(4;49),(24;38)}-{(26;9),(36;2)}-{(22;48),(9;4)}-{(32;11),(23;35)}-{(44;11),(31;32)}-{(3;32),(41;49)}-{(10;6),(34;0)}-{(18;29),(3;48)}-{(45;41),(24;26)}-{(46;26),(6;20)}-{(9;20),(17;14)}-{(1;42),(24;45)}-{(16;27),(33;43)}-{(8;43),(24;24)}-{(19;5),(39;42)}-{(15;6),(34;41)}-{(16;15),(26;39)}-{(20;48),(22;0)}-{(14;46),(27;5)}-{(0;20),(7;46)}-{(19;44),(30;25)}-{(24;44),(11;31)}-{(22;19),(16;13)}-{(7;38),(43;27)}-{(39;14),(37;27)}-{(33;48),(37;13)}-{(36;10),(19;34)}-{(16;9),(18;39)}-{(24;2),(2;28)}-{(15;17),(38;11)}-{(23;11),(24;38)}-{(18;5),(31;17)}-{(44;11),(45;39)}
