2-Dimensional Region Based Bike Env Seed 8 generated at 2021-10-12 19:20:03.013555
2,50,15,20
['(11;1)', '(18;4)', '(11;7)', '(8;19)', '(17;2)', '(18;17)', '(1;7)', '(5;12)', '(7;1)', '(13;18)', '(5;14)', '(12;17)', '(19;18)', '(14;14)', '(7;0)']
Hour: 0: {(3;16),(13;10)}-{(14;6),(5;0)}-{(17;4),(1;14)}-{(5;5),(7;11)}-{(16;8),(4;18)}-{(2;16),(18;5)}-{(6;12),(5;5)}-{(3;3),(14;8)}-{(11;3),(1;11)}-{(4;3),(18;15)}-{(13;8),(18;14)}
Hour: 1: {(12;1),(3;5)}-{(1;18),(11;0)}-{(10;4),(14;0)}-{(5;17),(13;18)}-{(4;3),(5;9)}-{(5;5),(7;17)}-{(2;5),(17;7)}-{(16;9),(18;7)}-{(6;7),(0;16)}-{(15;19),(18;14)}-{(17;9),(11;11)}-{(4;19),(1;8)}-{(15;16),(14;14)}-{(8;10),(0;16)}-{(10;18),(18;4)}-{(19;0),(17;13)}-{(16;15),(9;5)}
Hour: 2: {(19;17),(17;18)}-{(8;13),(11;19)}-{(12;8),(15;16)}-{(15;0),(0;5)}-{(11;9),(10;16)}-{(6;8),(11;1)}-{(13;16),(6;12)}-{(14;2),(15;3)}-{(5;15),(4;5)}-{(14;16),(0;17)}-{(5;12),(5;7)}-{(0;18),(19;4)}-{(8;1),(13;9)}-{(5;16),(13;9)}-{(4;18),(19;16)}
Hour: 3: {(10;13),(5;1)}-{(17;7),(10;2)}-{(16;4),(5;13)}-{(7;8),(17;0)}-{(9;19),(14;7)}-{(8;16),(1;4)}-{(5;12),(6;9)}-{(12;3),(13;8)}-{(8;7),(14;10)}-{(5;11),(15;6)}-{(0;1),(14;10)}-{(14;5),(10;1)}-{(7;8),(15;15)}-{(15;9),(12;16)}-{(1;4),(4;11)}-{(7;10),(18;3)}-{(17;16),(15;7)}-{(16;11),(6;18)}-{(6;11),(17;4)}-{(0;17),(3;8)}
Hour: 4: {(8;1),(9;2)}-{(11;15),(4;9)}-{(19;8),(1;6)}-{(12;5),(5;5)}-{(15;0),(10;18)}-{(15;15),(3;10)}-{(7;16),(2;6)}-{(12;13),(19;4)}-{(19;10),(17;8)}-{(9;13),(14;9)}
Hour: 5: {(2;7),(4;4)}-{(15;1),(18;9)}-{(19;14),(6;9)}-{(1;2),(3;0)}-{(6;6),(5;5)}-{(2;5),(8;14)}-{(2;18),(1;19)}-{(1;10),(17;15)}-{(16;19),(15;2)}-{(11;12),(19;1)}-{(6;14),(16;14)}
Hour: 6: {(11;11),(11;9)}-{(12;0),(14;5)}-{(19;2),(1;5)}-{(3;19),(7;3)}-{(6;3),(19;8)}-{(16;5),(10;1)}-{(13;9),(7;6)}-{(13;19),(9;3)}-{(12;3),(17;11)}-{(8;13),(0;16)}-{(8;15),(19;14)}-{(11;3),(17;17)}-{(15;4),(6;12)}-{(0;7),(18;13)}-{(4;15),(13;5)}-{(12;1),(14;0)}-{(14;13),(9;10)}-{(14;9),(19;14)}-{(9;19),(10;14)}
Hour: 7: {(5;6),(1;11)}-{(13;7),(10;6)}-{(4;7),(4;11)}-{(8;10),(11;15)}-{(1;2),(10;0)}-{(5;16),(4;7)}-{(2;3),(1;2)}-{(1;3),(12;9)}-{(4;14),(1;7)}-{(9;17),(15;19)}-{(16;18),(19;2)}-{(1;17),(0;16)}-{(6;10),(17;16)}-{(5;16),(6;9)}-{(15;6),(7;5)}-{(13;16),(4;16)}-{(7;14),(1;0)}
Hour: 8: {(14;10),(12;10)}-{(16;10),(16;19)}-{(11;14),(3;1)}-{(14;0),(5;6)}-{(6;10),(18;15)}-{(19;17),(2;15)}-{(13;3),(15;12)}-{(8;0),(12;16)}-{(7;18),(2;8)}-{(2;1),(17;10)}-{(11;10),(14;10)}-{(4;15),(3;0)}-{(7;15),(17;3)}-{(6;8),(19;11)}-{(18;8),(10;9)}-{(11;17),(11;1)}-{(0;11),(2;14)}-{(15;13),(0;6)}-{(5;18),(2;1)}
Hour: 9: {(18;10),(3;2)}-{(18;6),(4;4)}-{(14;9),(12;7)}-{(10;3),(11;11)}-{(18;3),(10;9)}-{(15;9),(6;4)}-{(15;5),(16;5)}-{(14;3),(11;8)}-{(3;17),(15;11)}-{(14;11),(14;15)}-{(3;8),(17;3)}-{(2;4),(0;1)}
Hour: 10: {(19;3),(11;19)}-{(5;19),(15;11)}-{(17;0),(17;11)}-{(16;2),(9;2)}-{(8;4),(4;14)}-{(3;5),(6;10)}-{(17;8),(12;7)}-{(10;19),(1;2)}-{(8;12),(3;13)}-{(6;17),(6;17)}-{(3;1),(1;17)}-{(3;17),(8;4)}
Hour: 11: {(13;6),(10;0)}-{(15;19),(19;19)}-{(2;19),(14;2)}-{(10;10),(9;6)}-{(6;8),(4;18)}-{(8;10),(15;14)}-{(13;10),(12;12)}-{(7;12),(9;14)}-{(7;18),(0;12)}-{(13;1),(3;18)}-{(14;13),(4;2)}-{(15;11),(5;18)}-{(9;7),(5;18)}-{(6;0),(15;12)}-{(19;13),(12;13)}-{(0;4),(8;4)}-{(4;10),(16;0)}-{(18;1),(8;12)}-{(7;5),(13;12)}-{(19;1),(15;8)}
